 [0,1)
 [0,1)
 [0,1)
 [0,1)
 [0,1)
 [0,1)
 [0,1)
 [0,1)
 [0,1)
 [0,1)
 [0,1)
 [0,1)
 [0,1)
 [0,1)
 [0,1)
 [0,1)
 [0,1)
 [0,1)
 [0,1)
 [0,1)
 [0,1)
 [0,1)
 [0,1)
 [0,1)
 [0,1)
 [0,1)
 [0,1)
 [0,1)
 [0,1)
 [0,1)
 [0,1)
 [0,1)
 [0,1)
 [0,1)
 [0,1)
 [0,1)
 [0,1)
 [0,1)
 [0,1)
 [0,1)
 [0,1)
 [0,1)
 [0,1)
 [0,1)
 [0,1.41421)
 [0,1.41421)
 [0,1.41421)
 [0,1.41421)
 [0,2)
 [0,2)
 [0,2)
 [0,2)
 [0,2)
 [0,2)
 [0,2)
 [0,2)
 [0,2)
 [0,2)
 [0,2)
 [0,2)
 [0,2)
 [0,2)
 [0,2)
 [0,2)
 [0,2)
 [0,2)
 [0,2)
 [0,2.23607)
 [0,2.23607)
 [0,2.23607)
 [0,2.82843)
 [0,3)
 [0,3)
 [0,3)
 [0,3)
 [0,3)
 [0,3)
 [0,3)
 [0,3)
 [0,3)
 [0,3)
 [0,3)
 [0,3)
 [0,3)
 [0,3)
 [0,3)
 [0,3)
 [0,3)
 [0,3)
 [0,3)
 [0,3)
 [0,3)
 [0,3)
 [0,3.16228)
 [0,3.16228)
 [0,3.16228)
 [0,3.16228)
 [0,3.16228)
 [0,3.16228)
 [0,3.60555)
 [0,4)
 [0,4)
 [0,4)
 [0,4)
 [0,4)
 [0,4)
 [0,4)
 [0,4)
 [0,4.12311)
 [0,4.47214)
 [0,5)
 [0,5)
 [0,5)
 [0,5)
 [0,5)
 [0,5)
 [0,5)
 [0,5)
 [0,5.09902)
 [0,5.09902)
 [0,5.09902)
 [0,5.83095)
 [0,6)
 [0,6)
 [0,6)
 [0,6)
 [0,6)
 [0,6)
 [0,6)
 [0,6.08276)
 [0,6.08276)
 [0,6.08276)
 [0,6.08276)
 [0,6.08276)
 [0,6.08276)
 [0,6.32456)
 [0,6.7082)
 [0,7)
 [0,7)
 [0,7)
 [0,7)
 [0,7)
 [0,7)
 [0,7)
 [0,7)
 [0,7)
 [0,7)
 [0,7.07107)
 [0,7.07107)
 [0,7.07107)
 [0,7.07107)
 [0,7.07107)
 [0,7.07107)
 [0,8)
 [0,8)
 [0,8)
 [0,8)
 [0,8.06226)
 [0,8.60233)
 [0,8.60233)
 [0,9)
 [0,9)
 [0,9)
 [0,9)
 [0,9)
 [0,9)
 [0,9.05539)
 [0,9.05539)
 [0,9.05539)
 [0,9.05539)
 [0,10)
 [0,10.0499)
 [0,10.0499)
 [0,10.0499)
 [0,11)
 [0,11)
 [0,11)
 [0,11.0454)
 [0,11.0454)
 [0,11.6619)
 [0,12)
 [0,12.0416)
 [0,12.0416)
 [0,12.0416)
 [0,12.0416)
 [0,12.1655)
 [0,12.7279)
 [0,13)
 [0,13)
 [0,13.4536)
 [0,13.6015)
 [0,14.0357)
 [0,15.0333)
 [0,16.2788)
 [0,17)
 [0,17)
 [0,19.0263)
 [0,20.025)
 [0,22.0227)
 [0, )
