 [0,1)
 [0,1)
 [0,1)
 [0,1)
 [0,1)
 [0,1)
 [0,1)
 [0,1)
 [0,1)
 [0,1)
 [0,1)
 [0,1)
 [0,1)
 [0,1)
 [0,1)
 [0,1)
 [0,1)
 [0,1)
 [0,1)
 [0,1)
 [0,1)
 [0,1)
 [0,1)
 [0,1)
 [0,1)
 [0,1)
 [0,1)
 [0,1)
 [0,1)
 [0,1)
 [0,1)
 [0,1)
 [0,1)
 [0,1)
 [0,1)
 [0,1)
 [0,1)
 [0,1)
 [0,1.41421)
 [0,1.41421)
 [0,2)
 [0,2)
 [0,2)
 [0,2)
 [0,2)
 [0,2)
 [0,2)
 [0,2)
 [0,2)
 [0,2)
 [0,2)
 [0,2)
 [0,2)
 [0,2)
 [0,2)
 [0,2)
 [0,2)
 [0,2)
 [0,2)
 [0,2)
 [0,2)
 [0,2)
 [0,2.23607)
 [0,2.23607)
 [0,2.23607)
 [0,2.23607)
 [0,2.23607)
 [0,2.82843)
 [0,2.82843)
 [0,3)
 [0,3)
 [0,3)
 [0,3)
 [0,3)
 [0,3)
 [0,3)
 [0,3)
 [0,3)
 [0,3)
 [0,3)
 [0,3)
 [0,3)
 [0,3)
 [0,3)
 [0,3)
 [0,3)
 [0,3)
 [0,3)
 [0,3)
 [0,3)
 [0,3)
 [0,3)
 [0,3.16228)
 [0,3.16228)
 [0,3.60555)
 [0,4)
 [0,4)
 [0,4)
 [0,4)
 [0,4)
 [0,4)
 [0,4)
 [0,4)
 [0,4)
 [0,4)
 [0,4)
 [0,4)
 [0,4)
 [0,4)
 [0,4.12311)
 [0,4.12311)
 [0,4.12311)
 [0,4.12311)
 [0,4.12311)
 [0,4.12311)
 [0,4.47214)
 [0,5)
 [0,5)
 [0,5)
 [0,5)
 [0,5)
 [0,5)
 [0,5)
 [0,5)
 [0,5.09902)
 [0,5.09902)
 [0,6)
 [0,6)
 [0,6)
 [0,6)
 [0,6)
 [0,6)
 [0,6)
 [0,6.08276)
 [0,7)
 [0,7)
 [0,7)
 [0,7)
 [0,7)
 [0,7)
 [0,7)
 [0,7)
 [0,7)
 [0,7)
 [0,7)
 [0,7.07107)
 [0,7.07107)
 [0,7.2111)
 [0,7.28011)
 [0,7.81025)
 [0,8)
 [0,8)
 [0,8)
 [0,8)
 [0,8.06226)
 [0,8.94427)
 [0,8.94427)
 [0,9)
 [0,9)
 [0,9)
 [0,9)
 [0,9)
 [0,9.05539)
 [0,9.21954)
 [0,9.84886)
 [0,10)
 [0,10)
 [0,10.0499)
 [0,11)
 [0,11)
 [0,11)
 [0,11)
 [0,11)
 [0,11.0454)
 [0,11.4018)
 [0,12)
 [0,12)
 [0,13)
 [0,13.0384)
 [0,13.0384)
 [0,14)
 [0,14.0357)
 [0,14.3178)
 [0,14.3178)
 [0,15.0333)
 [0,15.1327)
 [0,15.2315)
 [0,15.6205)
 [0,16)
 [0,16.0312)
 [0,16.0312)
 [0,17)
 [0,17)
 [0,17.0294)
 [0,17.0294)
 [0,17.0294)
 [0,18)
 [0,19.6469)
 [0,23.0217)
 [0, )
