 [0,1)
 [0,1)
 [0,1)
 [0,1)
 [0,1)
 [0,1)
 [0,1)
 [0,1)
 [0,1)
 [0,1)
 [0,1)
 [0,1)
 [0,1)
 [0,1)
 [0,1)
 [0,1)
 [0,1)
 [0,1)
 [0,1)
 [0,1)
 [0,1)
 [0,1)
 [0,1)
 [0,1)
 [0,1)
 [0,1)
 [0,1)
 [0,1)
 [0,1)
 [0,1)
 [0,1)
 [0,1)
 [0,1)
 [0,1)
 [0,1)
 [0,1)
 [0,1)
 [0,1)
 [0,1)
 [0,1)
 [0,1.41421)
 [0,1.41421)
 [0,1.41421)
 [0,1.41421)
 [0,1.41421)
 [0,1.41421)
 [0,1.41421)
 [0,1.41421)
 [0,1.41421)
 [0,1.41421)
 [0,1.41421)
 [0,1.41421)
 [0,2)
 [0,2)
 [0,2)
 [0,2)
 [0,2)
 [0,2)
 [0,2)
 [0,2)
 [0,2)
 [0,2)
 [0,2)
 [0,2)
 [0,2)
 [0,2)
 [0,2)
 [0,2)
 [0,2)
 [0,2)
 [0,2)
 [0,2)
 [0,2)
 [0,2)
 [0,2)
 [0,2)
 [0,2)
 [0,2)
 [0,2.23607)
 [0,2.23607)
 [0,2.23607)
 [0,2.23607)
 [0,2.23607)
 [0,3)
 [0,3)
 [0,3)
 [0,3)
 [0,3)
 [0,3)
 [0,3)
 [0,3)
 [0,3)
 [0,3)
 [0,3)
 [0,3)
 [0,3)
 [0,3)
 [0,3)
 [0,3)
 [0,3)
 [0,3)
 [0,3)
 [0,3.16228)
 [0,3.16228)
 [0,3.16228)
 [0,3.16228)
 [0,3.16228)
 [0,3.16228)
 [0,3.16228)
 [0,4)
 [0,4)
 [0,4)
 [0,4)
 [0,4)
 [0,4)
 [0,4)
 [0,4)
 [0,4)
 [0,4)
 [0,4)
 [0,4.12311)
 [0,4.12311)
 [0,4.12311)
 [0,4.12311)
 [0,4.12311)
 [0,4.12311)
 [0,4.12311)
 [0,4.12311)
 [0,4.12311)
 [0,4.12311)
 [0,4.12311)
 [0,4.12311)
 [0,5)
 [0,5)
 [0,5)
 [0,5)
 [0,5)
 [0,5)
 [0,5)
 [0,5)
 [0,5)
 [0,5.09902)
 [0,5.09902)
 [0,5.09902)
 [0,5.38516)
 [0,6)
 [0,6)
 [0,6)
 [0,6)
 [0,6)
 [0,6)
 [0,6.08276)
 [0,6.08276)
 [0,6.08276)
 [0,6.32456)
 [0,6.40312)
 [0,6.40312)
 [0,7)
 [0,7)
 [0,7)
 [0,7)
 [0,7)
 [0,7.07107)
 [0,7.2111)
 [0,7.28011)
 [0,7.28011)
 [0,7.28011)
 [0,7.61577)
 [0,8)
 [0,8.06226)
 [0,8.06226)
 [0,8.06226)
 [0,8.24621)
 [0,8.24621)
 [0,8.544)
 [0,8.544)
 [0,8.94427)
 [0,9)
 [0,9)
 [0,9)
 [0,9.84886)
 [0,10)
 [0,10)
 [0,10.2956)
 [0,10.7703)
 [0,11)
 [0,12)
 [0,12)
 [0,12.0416)
 [0,13)
 [0,13.0384)
 [0,13.1529)
 [0,15.2643)
 [0,16.7631)
 [0,17.4642)
 [0,18.9737)
 [0,20)
 [0,21.0238)
 [0,23)
 [0, )
