 [0,1)
 [0,1)
 [0,1)
 [0,1)
 [0,1)
 [0,1)
 [0,1)
 [0,1)
 [0,1)
 [0,1)
 [0,1)
 [0,1)
 [0,1)
 [0,1)
 [0,1)
 [0,1)
 [0,1)
 [0,1)
 [0,1)
 [0,1)
 [0,1)
 [0,1)
 [0,1)
 [0,1)
 [0,1)
 [0,1)
 [0,1)
 [0,1)
 [0,1)
 [0,1)
 [0,1)
 [0,1)
 [0,1)
 [0,1)
 [0,1)
 [0,1)
 [0,1)
 [0,1)
 [0,1)
 [0,1.41421)
 [0,1.41421)
 [0,1.41421)
 [0,1.41421)
 [0,1.41421)
 [0,1.41421)
 [0,1.41421)
 [0,1.41421)
 [0,2)
 [0,2)
 [0,2)
 [0,2)
 [0,2)
 [0,2)
 [0,2)
 [0,2)
 [0,2)
 [0,2)
 [0,2)
 [0,2)
 [0,2)
 [0,2)
 [0,2)
 [0,2)
 [0,2)
 [0,2)
 [0,2)
 [0,2)
 [0,2)
 [0,2)
 [0,2)
 [0,2)
 [0,2)
 [0,2)
 [0,2)
 [0,2)
 [0,2.23607)
 [0,2.23607)
 [0,2.23607)
 [0,2.23607)
 [0,2.23607)
 [0,2.23607)
 [0,2.23607)
 [0,3)
 [0,3)
 [0,3)
 [0,3)
 [0,3)
 [0,3)
 [0,3)
 [0,3)
 [0,3)
 [0,3)
 [0,3)
 [0,3)
 [0,3)
 [0,3)
 [0,3)
 [0,3)
 [0,3)
 [0,3)
 [0,3)
 [0,3)
 [0,3)
 [0,3)
 [0,3)
 [0,3)
 [0,3.16228)
 [0,3.16228)
 [0,3.16228)
 [0,3.16228)
 [0,3.16228)
 [0,3.16228)
 [0,3.16228)
 [0,3.60555)
 [0,4)
 [0,4)
 [0,4)
 [0,4)
 [0,4)
 [0,4)
 [0,4)
 [0,4)
 [0,4)
 [0,4)
 [0,4.12311)
 [0,4.12311)
 [0,4.12311)
 [0,4.12311)
 [0,4.12311)
 [0,4.12311)
 [0,4.47214)
 [0,5)
 [0,5)
 [0,5)
 [0,5)
 [0,5)
 [0,5)
 [0,5)
 [0,5)
 [0,5)
 [0,5)
 [0,5)
 [0,5)
 [0,5.09902)
 [0,5.09902)
 [0,5.09902)
 [0,6)
 [0,6)
 [0,6)
 [0,6)
 [0,6)
 [0,6)
 [0,6)
 [0,6)
 [0,6)
 [0,6)
 [0,6.08276)
 [0,6.32456)
 [0,7)
 [0,7)
 [0,7)
 [0,7.07107)
 [0,7.07107)
 [0,7.2111)
 [0,7.28011)
 [0,8)
 [0,8)
 [0,8)
 [0,8)
 [0,8)
 [0,8)
 [0,8.06226)
 [0,9)
 [0,9)
 [0,9.05539)
 [0,9.05539)
 [0,9.05539)
 [0,9.8995)
 [0,10)
 [0,10)
 [0,10)
 [0,10)
 [0,10.0499)
 [0,10.0499)
 [0,10.198)
 [0,11.0454)
 [0,11.0454)
 [0,11.0454)
 [0,12.0416)
 [0,13)
 [0,13.0384)
 [0,13.3417)
 [0,14.0357)
 [0,15)
 [0,16)
 [0,17.1172)
 [0,18.2483)
 [0,19.105)
 [0,21.0238)
 [0, )
