 [43.1856,43.566)
 [43,47.0106)
 [41.1096,51.264)
 [31.7805,32)
 [31.257,31.5753)
 [31.257,33.2415)
 [31.0161,31.5753)
 [30.8058,32.45)
 [16.2788,17)
 [15.2643,28.3196)
 [15.2315,15.8114)
 [15.1327,15.6205)
 [14.8661,15)
 [14.3178,14.5602)
 [14.3178,18.9737)
 [14.3178,16.2788)
 [14.3178,14.8661)
 [14.1421,15)
 [14,14.0357)
 [13.9284,14.8661)
 [13.9284,14)
 [13.8924,15.2315)
 [13.8924,15.6205)
 [13.6015,13.9284)
 [13.6015,13.8924)
 [13.6015,15.2643)
 [13.4536,15)
 [13.4164,16.7631)
 [13.3417,14.7648)
 [13.3417,15.5563)
 [13.1529,15.2315)
 [13.0384,14.7648)
 [13,16.6433)
 [13,13.4164)
 [13,16.4012)
 [13,13.9284)
 [13,14.2127)
 [13,13.0384)
