 [46.0977,52.4023)
 [32.28,40.3113)
 [32.249,32.5269)
 [31.3847,40.4969)
 [30.0167,31.3209)
 [29.0689,32.0156)
 [28.4253,36.1248)
 [25.02,27.5862)
 [23.6008,24.2074)
 [22.8035,23.8537)
 [22.4722,23.0868)
 [22.2036,23.1948)
 [19.8494,20.0998)
 [17.8885,20.6155)
 [17.2047,24.1868)
 [14.3178,14.8661)
 [14.2127,18.2483)
 [13.6015,16.2788)
 [13.6015,13.9284)
 [13.6015,22.0227)
 [13.4536,14.3178)
 [13.4164,14.5602)
 [13.3417,14.2127)
 [13,13.1529)
 [12.8062,13.3417)
 [12.6491,16.9706)
 [12.6491,12.7279)
 [12.53,14.0357)
 [12.53,13.8924)
 [12.3693,13.6015)
 [12.2066,13.9284)
 [12.083,12.1655)
