 [70.0071,70.0357)
 [69.4622,69.9714)
 [24.6982,71.5122)
 [24.5153,25.632)
 [23.1948,25.632)
 [23.0217,23.0868)
 [23.0217,23.0868)
 [23.0217,23.0868)
 [23.0217,24.6982)
 [22.8473,24.6982)
 [22.8035,23.4094)
 [22.561,25.632)
 [22.2036,28.1603)
 [21,21.587)
 [20.8806,21.9317)
 [20.8806,22.3607)
 [20.0998,20.3961)
 [19,20.6155)
 [16.4012,19.2354)
 [16.0312,16.1245)
 [15.8114,16.4012)
 [15,15.8114)
 [14.0357,17.2047)
 [13.3417,14.3178)
 [13.1529,16.2788)
 [13.1529,14.3178)
 [13.0384,13.3417)
 [13.0384,13.8924)
 [13.0384,13.8924)
 [13,13.6015)
 [13,13.0384)
 [13,13.9284)
 [13,14.5602)
