 [52.1536,52.3927)
 [52.0865,52.7731)
 [52,52.0865)
 [51.1566,51.4781)
 [45.5412,48.4665)
 [42.0119,42.19)
 [42.0119,42.2966)
 [40.7922,41.5933)
 [36.2215,54.1202)
 [35.2278,36.8782)
 [34.2345,40.05)
 [30.8058,30.8869)
 [30.6757,31.9061)
 [29.4109,30.4138)
 [29.1548,30.6757)
 [29.0689,29.1548)
 [29.0172,29.1204)
 [28.6531,30.8058)
 [27.4591,27.7849)
 [27.1662,29.0689)
 [26.0768,30.4138)
 [25.318,28.0179)
 [25.0799,25.318)
 [25.0799,32.0156)
 [25,25.02)
 [25,26)
 [25,32.0156)
 [23.3452,24.0832)
 [23.3238,23.5372)
 [23.0217,24.6982)
 [22.8473,23.7697)
 [20.3961,22.4722)
 [18.0278,20)
 [17.0294,17.1172)
 [16.2788,17.72)
 [16.0312,16.1555)
 [15.8114,21.9317)
 [15.6525,15.8114)
 [14.1421,15.6525)
 [12.3693,13.4536)
 [8.06226,9.21954)
