 [37.3631,39.3954)
 [34.9285,35.3553)
 [33.6006,51)
 [33.2415,34.4384)
 [30.0167,34.6554)
 [29.4109,30.4631)
 [28.1603,30.8058)
 [28,34.8281)
 [27.313,27.6586)
 [27.0185,27.7308)
 [27,29.5296)
 [25.7099,34.4819)
 [25.2389,36.4006)
 [24.0832,25.0799)
 [24,24.3311)
 [23.5372,24.1868)
 [23.3452,23.7065)
 [23.1948,24.6982)
 [23.1948,24.6982)
 [22.0227,23.0868)
 [22.0227,25.0599)
 [22,24.1868)
 [21.0238,21.095)
 [20.2237,20.5913)
 [20.025,21.2603)
 [20.025,21.0238)
 [19.7231,31.7648)
 [19.105,26.4197)
 [18.6815,19.0263)
 [18.0278,18.9737)
 [16.1245,17.088)
 [15.8114,17.088)
 [15.5242,15.8114)
 [14.1421,14.2127)
 [14.0357,15.2643)
 [14,14.1421)
 [13.6015,14.0357)
 [13.3417,16.2788)
 [13.1529,13.4164)
 [13.1529,14.4222)
 [13.0384,13.6015)
 [13.0384,16.2788)
 [13,14.8661)
