 [43.8292,45)
 [37.6962,40.0125)
 [35,47.634)
 [29.0689,30.8058)
 [27.1662,27.6586)
 [26.0192,27.074)
 [25.7099,28.8444)
 [25.1794,26.0768)
 [25.0799,25.4951)
 [25,27.2029)
 [24.0832,25.1794)
 [24.0208,24.1868)
 [23.1948,23.8537)
 [23.1948,25)
 [23.0217,23.4094)
 [23,23.1948)
 [22.8473,25.9615)
 [22.8035,23.4094)
 [22.0227,23.8537)
 [22.0227,24.1661)
 [21.1896,21.4009)
 [19.9249,21.9317)
 [18.1108,20.6155)
 [17.2627,17.4929)
 [17,27)
 [15.2971,16.5529)
 [15.1327,15.5242)
 [14.3178,15.0333)
 [14.1421,14.8661)
 [14,14.3178)
 [13.9284,14.7648)
 [13.3417,15.6525)
 [13.3417,14.3178)
 [13.1529,17.0294)
 [13.1529,13.6015)
 [13.1529,17.0294)
 [13.0384,16.1245)
 [13.0384,13.3417)
 [13,13.3417)
 [13,14.8661)
