 [37.1214,37.4433)
 [36.0139,36.0555)
 [30.5287,35.0143)
 [28.0713,28.2312)
 [27.5136,29.2062)
 [27,27.2947)
 [26.9258,27.0185)
 [26.9258,28.2843)
 [26.5707,28.7924)
 [25.4951,25.9422)
 [25.4951,40.7922)
 [25.1794,26)
 [24.5153,24.7588)
 [24,24.0832)
 [23.3452,42.2966)
 [21.2132,39.9625)
 [21.0238,25.02)
 [18.4391,18.868)
 [15.5242,17)
 [15,15.8114)
 [13.9284,14.1421)
 [13.6015,21.9545)
 [13.4536,17.0294)
 [13.3417,13.6015)
 [13.0384,13.3417)
 [13.0384,13.1529)
 [13.0384,14.1421)
 [13.0384,14.4222)
 [13.0384,13.6015)
 [13.0384,13.1529)
 [13.0384,13.3417)
 [13,20.025)
 [13,13.3417)
 [13,13.0384)
 [13,14.7648)
 [13,14.7648)
 [13,13.3417)
 [12.6491,13.8924)
