 [68.593,72.4431)
 [63.6396,64.7611)
 [62,63.5689)
 [58.2151,60.0833)
 [57.0701,59.4811)
 [54.0093,57.5847)
 [43.2897,76.8505)
 [43.1045,47.676)
 [41.3038,43.0116)
 [40.1995,41.7612)
 [39.0128,39.0512)
 [38.1182,39)
 [38.0132,44.2945)
 [37,37.0135)
 [34.2345,38.6005)
 [34,34.1321)
 [33.8378,37.7359)
 [33.1361,35.2278)
 [32.5576,34.1321)
 [31.8277,52.8394)
 [31.0644,34.9857)
 [31.0483,34.1321)
 [31,32.6956)
 [27.8927,36.0694)
 [27.074,32.0156)
 [25,25.2389)
 [24.3516,26.3059)
 [24,24.1661)
 [23.1948,25.4951)
 [23.0868,27.313)
 [23.0868,26.9072)
 [23.0868,26.9258)
 [23.0868,24.3516)
 [22.8035,23.0868)
 [22.3607,22.561)
 [22.2036,23.0868)
 [22.2036,23.0868)
 [22.2036,23.4094)
 [22.1359,23.2594)
 [22.0907,22.8035)
 [22.0907,22.8035)
 [22.0227,23.3238)
 [21.8403,25)
 [21.587,23.3452)
 [21.5407,25.9422)
 [21.4709,21.5407)
 [21.4709,22.1359)
 [21.0238,22.4722)
 [21.0238,24.6982)
