 [51,51.3128)
 [46.8722,49.0408)
 [46.5725,47)
 [40.8534,42.4382)
 [39.8497,40.3113)
 [39.8497,40.6079)
 [38.833,44.3847)
 [38.6005,39)
 [37.6563,47.5079)
 [36.0555,36.1248)
 [36,39.6989)
 [33.9559,52.4976)
 [33.3766,33.5261)
 [31.3209,32.5576)
 [31.0644,33.0606)
 [25.0799,37.3631)
 [23.7697,25.0599)
 [22.8035,26.6833)
 [22.2036,24.4131)
 [22.0227,22.2036)
 [22.0227,32.9848)
 [22,24.6982)
 [21.3776,23.7697)
 [21.095,24.3516)
 [21.095,21.9317)
 [21.095,21.6333)
 [20.8806,25.2982)
 [20.8806,22.0227)
 [19.9249,20.2237)
 [19.2354,22.0227)
 [19.0263,22.2036)
 [19,19.6977)
 [19,21.2603)
 [17.72,20.8087)
 [17.2627,17.6918)
 [16.4924,16.6433)
 [16.1245,17.4642)
 [15.8114,16.4924)
 [15.6525,17.0294)
 [15.6525,16.1555)
 [15.5242,16.4924)
 [15.2971,15.6525)
 [15.2971,18.3848)
 [15.1327,15.2971)
 [15.1327,17.2047)
 [15.0333,17.4642)
 [15.0333,15.6525)
 [15.0333,15.8114)
 [15,16.7631)
