 [36.0555,36.1386)
 [33.1361,34.9285)
 [33,36.1386)
 [26.9258,29.6985)
 [24.7386,26.9258)
 [24.5153,27.7849)
 [24.5153,25.02)
 [23.0868,23.7697)
 [22.3607,24.0208)
 [22.2036,29.4109)
 [20.8806,21.587)
 [20.8087,26.0768)
 [20.2237,20.8087)
 [20.025,23.0217)
 [19.2354,20.025)
 [18.9737,19.6977)
 [18.6815,18.7883)
 [18.4391,25.9615)
 [17.4642,18.0278)
 [17.0294,19.105)
 [17,17.8045)
 [17,25.318)
 [16.2788,17.8045)
 [16.0312,16.1245)
 [16.0312,16.1245)
 [15.5242,22.2036)
 [14.5602,14.7648)
 [14.3178,17.8045)
 [14.3178,15.8114)
 [14.3178,14.4222)
 [14.0357,16.1245)
 [14,15)
 [13.6015,14.3178)
 [13.6015,14.1421)
 [13.1529,14.4222)
 [13.1529,13.6015)
 [13.1529,15.5242)
 [13.0384,15.6205)
 [13.0384,13.8924)
 [13,16.1245)
 [13,18.6011)
 [13,13.0384)
 [12.53,14.3178)
 [12.0416,12.8062)
