 [80.0062,80.0999)
 [79.555,87.6584)
 [54,54.3415)
 [53.7587,55.2268)
 [53.6004,54.0093)
 [52.1536,52.2398)
 [51.6624,55.5698)
 [50.9608,51.0882)
 [50.8035,51.0784)
 [50.6952,51.0784)
 [50.636,51.0882)
 [50.448,51.8652)
 [50.2494,51.1566)
 [50,50.1597)
 [49.8197,50.01)
 [49.7293,50.01)
 [49.6488,50.01)
 [49.4975,49.7293)
 [49.4975,51.0392)
 [49.4773,50.2494)
 [49.366,49.7695)
 [49.366,50)
 [49.0408,51.2445)
 [48.6621,55.109)
 [48.3735,49.0102)
 [48.2597,55.9464)
 [48.0937,49.2443)
 [48.0521,48.1041)
 [47.5395,59.1354)
 [47.0744,93.2363)
