 [25,27.7308)
 [15.1327,15.2971)
 [15.1327,15.5242)
 [15.0333,15.2971)
 [15.0333,15.1327)
 [15.0333,15.2971)
 [15.0333,15.8114)
 [15.0333,15.2971)
 [15.0333,15.1327)
 [15.0333,16.1555)
 [15.0333,15.1327)
 [15.0333,15.2971)
 [15.0333,15.1327)
 [15.0333,15.2971)
 [15.0333,15.5242)
 [15.0333,15.1327)
 [15,15.1327)
 [15,15.1327)
 [15,15.5242)
 [15,15.0333)
 [15,15.0333)
 [15,15.5242)
 [15,15.2971)
 [15,16.1555)
 [15,15.0333)
 [15,15.2971)
 [15,15.0333)
 [15,15.0333)
 [15,15.5242)
 [15,15.2971)
 [15,16.1555)
 [15,15.1327)
 [15,16.1555)
 [15,15.1327)
 [15,16.5529)
 [15,16.5529)
 [15,17)
 [12.7279,29.1548)
