 [25.02,27.2947)
 [15.2971,15.8114)
 [15.1327,15.2971)
 [15.1327,15.2971)
 [15.1327,15.2971)
 [15.0333,15.1327)
 [15.0333,15.1327)
 [15.0333,15.1327)
 [15.0333,15.5242)
 [15.0333,15.2971)
 [15.0333,15.2971)
 [15.0333,15.2971)
 [15.0333,15.2971)
 [15.0333,15.1327)
 [15.0333,15.1327)
 [15.0333,15.2971)
 [15,15.2971)
 [15,15.0333)
 [15,15.1327)
 [15,15.0333)
 [15,15.1327)
 [15,15.8114)
 [15,15.8114)
 [15,15.1327)
 [15,15.8114)
 [15,15.8114)
 [15,16.1555)
 [15,15.2971)
 [15,15.1327)
 [15,15.1327)
 [15,15.8114)
 [15,15.5242)
 [15,15.2971)
 [15,15.8114)
 [15,16.1555)
 [15,16.1555)
 [11,30.5941)
