 [0,1)
 [0,1)
 [0,1)
 [0,1)
 [0,1)
 [0,1)
 [0,1)
 [0,1)
 [0,1)
 [0,1)
 [0,1)
 [0,1)
 [0,1)
 [0,1)
 [0,1)
 [0,1)
 [0,1)
 [0,1)
 [0,1)
 [0,1)
 [0,1)
 [0,1)
 [0,1)
 [0,1)
 [0,1)
 [0,1)
 [0,1)
 [0,1)
 [0,1)
 [0,1)
 [0,1)
 [0,1)
 [0,1)
 [0,1)
 [0,1)
 [0,1)
 [0,1)
 [0,1)
 [0,1)
 [0,1)
 [0,1)
 [0,1)
 [0,1)
 [0,1)
 [0,1)
 [0,1)
 [0,1)
 [0,1)
 [0,1.41421)
 [0,1.41421)
 [0,1.41421)
 [0,2)
 [0,2)
 [0,2)
 [0,2)
 [0,2)
 [0,2)
 [0,2)
 [0,2)
 [0,2)
 [0,2)
 [0,2)
 [0,2)
 [0,2)
 [0,2)
 [0,2)
 [0,2)
 [0,2)
 [0,2)
 [0,2)
 [0,2)
 [0,2)
 [0,2)
 [0,2)
 [0,2.23607)
 [0,2.23607)
 [0,2.82843)
 [0,3)
 [0,3)
 [0,3)
 [0,3)
 [0,3)
 [0,3)
 [0,3)
 [0,3)
 [0,3)
 [0,3)
 [0,3)
 [0,3)
 [0,3)
 [0,3)
 [0,3)
 [0,3)
 [0,3)
 [0,3)
 [0,3)
 [0,3)
 [0,3)
 [0,3)
 [0,3.16228)
 [0,3.16228)
 [0,3.16228)
 [0,3.60555)
 [0,3.60555)
 [0,4)
 [0,4)
 [0,4)
 [0,4)
 [0,4)
 [0,4)
 [0,4)
 [0,4)
 [0,4)
 [0,4)
 [0,4)
 [0,4)
 [0,4)
 [0,4)
 [0,4.12311)
 [0,4.12311)
 [0,4.12311)
 [0,4.24264)
 [0,5)
 [0,5)
 [0,5)
 [0,5)
 [0,5)
 [0,5)
 [0,5)
 [0,5)
 [0,5)
 [0,5)
 [0,5)
 [0,5.65685)
 [0,6)
 [0,6)
 [0,6)
 [0,6)
 [0,6)
 [0,6)
 [0,6)
 [0,6)
 [0,6)
 [0,6.08276)
 [0,6.08276)
 [0,7)
 [0,7)
 [0,7)
 [0,7)
 [0,7)
 [0,7)
 [0,7)
 [0,7.07107)
 [0,7.07107)
 [0,8)
 [0,8)
 [0,8)
 [0,8)
 [0,8)
 [0,8)
 [0,8)
 [0,8)
 [0,8)
 [0,8)
 [0,8.60233)
 [0,9)
 [0,9)
 [0,9)
 [0,9)
 [0,9.05539)
 [0,9.05539)
 [0,9.05539)
 [0,10)
 [0,10)
 [0,10)
 [0,10.7703)
 [0,11)
 [0,11)
 [0,11)
 [0,11.0454)
 [0,12)
 [0,12)
 [0,12)
 [0,12)
 [0,12.0416)
 [0,12.1655)
 [0,13)
 [0,15)
 [0,15)
 [0,16)
 [0,16)
 [0,16)
 [0,16.0312)
 [0,16.0312)
 [0,17)
 [0,17)
 [0,17.0294)
 [0,18)
 [0,19.0263)
 [0, )
