 [42.19,42.2966)
 [42.0476,42.5793)
 [42.0119,42.4264)
 [42.0119,42.4264)
 [42,42.5793)
 [41.3038,42.9535)
 [41.1096,41.3038)
 [41.0122,41.1096)
 [41,41.0122)
 [39.0128,40.2616)
 [38.0132,39.2938)
 [37.4833,38.3275)
 [37.054,37.2156)
 [37.0135,37.4833)
 [37,37.0135)
 [36.2215,36.6742)
 [36.0555,36.1248)
 [36.0139,36.2215)
 [36.0139,37.108)
 [36,36.4966)
 [36,36.4966)
 [36,37.1214)
 [35.5106,36.1386)
 [35.1283,36.1386)
 [35.0571,35.1283)
 [35,35.3553)
 [35,38.6005)
 [35,36.0555)
 [34.0588,34.2345)
 [34.0588,35.171)
 [34,34.1321)
 [33.0606,33.3766)
 [19.2354,43.1741)
