 [0,1)
 [0,1)
 [0,1)
 [0,1)
 [0,1)
 [0,1)
 [0,1)
 [0,1)
 [0,1)
 [0,1)
 [0,1)
 [0,1)
 [0,1)
 [0,1)
 [0,1)
 [0,1)
 [0,1)
 [0,1)
 [0,1)
 [0,1)
 [0,1)
 [0,1)
 [0,1)
 [0,1)
 [0,1)
 [0,1)
 [0,1)
 [0,1)
 [0,1)
 [0,1)
 [0,1)
 [0,1)
 [0,1)
 [0,1)
 [0,1)
 [0,1)
 [0,1)
 [0,1)
 [0,1)
 [0,1)
 [0,1)
 [0,1)
 [0,1)
 [0,1)
 [0,1.41421)
 [0,1.41421)
 [0,1.41421)
 [0,1.41421)
 [0,2)
 [0,2)
 [0,2)
 [0,2)
 [0,2)
 [0,2)
 [0,2)
 [0,2)
 [0,2)
 [0,2)
 [0,2)
 [0,2)
 [0,2)
 [0,2)
 [0,2)
 [0,2)
 [0,2)
 [0,2)
 [0,2)
 [0,2)
 [0,2)
 [0,2)
 [0,2)
 [0,2)
 [0,2)
 [0,2.23607)
 [0,2.23607)
 [0,2.23607)
 [0,2.23607)
 [0,2.23607)
 [0,3)
 [0,3)
 [0,3)
 [0,3)
 [0,3)
 [0,3)
 [0,3)
 [0,3)
 [0,3)
 [0,3)
 [0,3)
 [0,3)
 [0,3)
 [0,3)
 [0,3)
 [0,3)
 [0,3)
 [0,3)
 [0,3)
 [0,3)
 [0,3)
 [0,3.16228)
 [0,3.16228)
 [0,3.16228)
 [0,3.16228)
 [0,3.16228)
 [0,3.16228)
 [0,3.16228)
 [0,3.60555)
 [0,3.60555)
 [0,3.60555)
 [0,4)
 [0,4)
 [0,4)
 [0,4)
 [0,4)
 [0,4)
 [0,4)
 [0,4)
 [0,4)
 [0,4)
 [0,4)
 [0,4.12311)
 [0,4.12311)
 [0,4.12311)
 [0,4.12311)
 [0,4.24264)
 [0,5)
 [0,5)
 [0,5)
 [0,5)
 [0,5)
 [0,5)
 [0,5)
 [0,5)
 [0,5)
 [0,5)
 [0,5.09902)
 [0,5.38516)
 [0,5.83095)
 [0,5.83095)
 [0,6)
 [0,6)
 [0,6)
 [0,6)
 [0,6)
 [0,6)
 [0,6)
 [0,6)
 [0,6)
 [0,6)
 [0,6.08276)
 [0,6.08276)
 [0,6.08276)
 [0,6.08276)
 [0,6.08276)
 [0,6.32456)
 [0,6.7082)
 [0,7)
 [0,7)
 [0,7)
 [0,7)
 [0,7)
 [0,7)
 [0,8)
 [0,8)
 [0,8)
 [0,8)
 [0,8)
 [0,8)
 [0,8)
 [0,8)
 [0,8.06226)
 [0,9)
 [0,9)
 [0,9)
 [0,9)
 [0,9.05539)
 [0,10.0499)
 [0,10.0499)
 [0,10.0499)
 [0,11)
 [0,11)
 [0,11.0454)
 [0,12)
 [0,12)
 [0,12)
 [0,12.0416)
 [0,12.0416)
 [0,12.1655)
 [0,13)
 [0,13)
 [0,13.0384)
 [0,15.0333)
 [0,15.0333)
 [0,15.0333)
 [0,15.0333)
 [0,15.2315)
 [0,17)
 [0,18.1108)
 [0,18.868)
 [0, )
