 [30,30.0832)
 [29,29.1204)
 [28.4429,28.7924)
 [27.6586,27.7308)
 [26.3059,26.4764)
 [26.0192,26.5707)
 [26,26.0768)
 [26,26.0768)
 [25.9615,26.1725)
 [25.4951,26.2488)
 [25.4951,26.1725)
 [25.4951,26.5707)
 [25.318,26)
 [25.1794,26.9258)
 [25.0799,25.1794)
 [25.0799,25.632)
 [25.0799,25.318)
 [25.02,25.2982)
 [25.02,25.1794)
 [25.02,25.0799)
 [25.02,25.0799)
 [25.02,26)
 [25,28.178)
 [25,25.2982)
 [25,26)
 [25,25.4951)
 [25,25.2982)
 [25,26.4008)
 [25,26)
 [25,28.3019)
 [25,26.9258)
 [24.7386,26.6833)
 [24.0832,24.7386)
 [24.0208,29.2062)
 [20.0998,31.5753)
