 [0,1)
 [0,1)
 [0,1)
 [0,1)
 [0,1)
 [0,1)
 [0,1)
 [0,1)
 [0,1)
 [0,1)
 [0,1)
 [0,1)
 [0,1)
 [0,1)
 [0,1)
 [0,1)
 [0,1)
 [0,1)
 [0,1)
 [0,1)
 [0,1)
 [0,1)
 [0,1)
 [0,1)
 [0,1)
 [0,1)
 [0,1)
 [0,1)
 [0,1)
 [0,1)
 [0,1)
 [0,1)
 [0,1)
 [0,1)
 [0,1)
 [0,1)
 [0,1)
 [0,1.41421)
 [0,1.41421)
 [0,1.41421)
 [0,1.41421)
 [0,1.41421)
 [0,1.41421)
 [0,2)
 [0,2)
 [0,2)
 [0,2)
 [0,2)
 [0,2)
 [0,2)
 [0,2)
 [0,2)
 [0,2)
 [0,2)
 [0,2)
 [0,2)
 [0,2)
 [0,2)
 [0,2)
 [0,2)
 [0,2)
 [0,2)
 [0,2)
 [0,2)
 [0,2)
 [0,2)
 [0,2)
 [0,2)
 [0,2)
 [0,2)
 [0,2)
 [0,2)
 [0,2)
 [0,2)
 [0,2)
 [0,2)
 [0,2)
 [0,2.23607)
 [0,2.23607)
 [0,2.23607)
 [0,2.23607)
 [0,2.23607)
 [0,2.23607)
 [0,2.23607)
 [0,2.23607)
 [0,3)
 [0,3)
 [0,3)
 [0,3)
 [0,3)
 [0,3)
 [0,3)
 [0,3)
 [0,3)
 [0,3)
 [0,3)
 [0,3)
 [0,3)
 [0,3.16228)
 [0,3.16228)
 [0,3.16228)
 [0,3.16228)
 [0,3.16228)
 [0,3.16228)
 [0,3.16228)
 [0,3.16228)
 [0,3.16228)
 [0,3.16228)
 [0,3.16228)
 [0,3.16228)
 [0,3.16228)
 [0,4)
 [0,4)
 [0,4)
 [0,4)
 [0,4)
 [0,4)
 [0,4.12311)
 [0,4.12311)
 [0,4.12311)
 [0,4.12311)
 [0,4.12311)
 [0,4.12311)
 [0,4.12311)
 [0,4.12311)
 [0,4.47214)
 [0,5)
 [0,5)
 [0,5)
 [0,5)
 [0,5)
 [0,5)
 [0,5)
 [0,5)
 [0,5)
 [0,5)
 [0,5.09902)
 [0,5.09902)
 [0,5.09902)
 [0,5.09902)
 [0,5.38516)
 [0,5.38516)
 [0,6)
 [0,6)
 [0,6)
 [0,6)
 [0,6)
 [0,6)
 [0,6)
 [0,6)
 [0,6.08276)
 [0,6.08276)
 [0,6.08276)
 [0,6.08276)
 [0,6.08276)
 [0,7)
 [0,7)
 [0,7.07107)
 [0,7.07107)
 [0,7.07107)
 [0,7.07107)
 [0,7.07107)
 [0,7.07107)
 [0,7.07107)
 [0,7.2111)
 [0,8)
 [0,8)
 [0,8)
 [0,8.06226)
 [0,8.06226)
 [0,8.06226)
 [0,9)
 [0,9)
 [0,9)
 [0,9)
 [0,9)
 [0,9)
 [0,9.05539)
 [0,9.05539)
 [0,9.05539)
 [0,10.0499)
 [0,10.0499)
 [0,10.0499)
 [0,11.1803)
 [0,12.0416)
 [0,12.0416)
 [0,12.0416)
 [0,12.0416)
 [0,14.0357)
 [0,14.0357)
 [0,14.8661)
 [0,15.0333)
 [0,15.1327)
 [0,16.1245)
 [0,17)
 [0,17.1172)
 [0,18.1108)
 [0,19.0263)
 [0,19.6469)
 [0, )
