 [25.4558,25.4951)
 [25.4558,25.4951)
 [23.7065,23.7697)
 [23.7065,23.7697)
 [23.7065,24.0416)
 [22.8035,22.8473)
 [22.561,23)
 [22.2036,22.8473)
 [22.0227,23)
 [22,22.0227)
 [22,22.0227)
 [22,22.0227)
 [22,22.0227)
 [22,22.0227)
 [22,22.0227)
 [22,22.0227)
 [22,22.0227)
 [22,22.0227)
 [22,22.0227)
 [22,22.0227)
 [21.8403,22.0227)
 [21.587,22.1359)
 [21,21.0238)
 [20.6155,21.0238)
 [20.1246,20.2485)
 [20.1246,20.2485)
 [19.799,19.8494)
 [19.799,19.8494)
 [19.799,19.8494)
 [19.799,19.8494)
 [19.4165,20)
 [19.2354,20.2485)
 [19.105,20.2485)
 [19.105,20.2485)
 [19,19.0263)
 [19,19.0263)
 [19,25.4951)
 [6,6.08276)
 [6,6.08276)
 [6,6.08276)
 [6,6.08276)
 [6,6.08276)
 [6,6.08276)
 [6,6.08276)
 [6,6.08276)
 [6,6.08276)
 [6,6.08276)
 [6,6.08276)
 [6,6.08276)
 [6,6.08276)
 [6,6.08276)
 [6,6.08276)
 [6,6.08276)
 [6,6.08276)
 [6,6.08276)
 [6,6.08276)
 [6,6.08276)
 [6,6.08276)
 [6,6.08276)
 [6,6.08276)
 [6,6.08276)
 [6,6.08276)
 [6,6.08276)
 [6,6.08276)
 [6,6.08276)
 [6,6.08276)
 [5.83095,6.08276)
 [5.83095,65.6201)
 [3,3.16228)
 [1.41421,218.838)
