 [54.231,54.4518)
 [53.1507,53.3667)
 [19.6977,19.7231)
 [19.6977,19.7231)
 [19,19.0263)
 [19,19.0263)
 [18.2483,18.3848)
 [18.0278,20)
 [18,19.7231)
 [15.5563,15.6205)
 [15,15.0333)
 [15,15.2315)
 [14.1421,14.3178)
 [14.0357,15)
 [14,14.0357)
 [14,14.0357)
 [14,14.0357)
 [14,14.0357)
 [14,14.0357)
 [14,14.0357)
 [14,14.0357)
 [14,14.0357)
 [14,14.0357)
 [14,14.0357)
 [14,14.0357)
 [14,14.0357)
 [14,14.0357)
 [14,14.0357)
 [14,14.0357)
 [14,14.0357)
 [14,14.0357)
 [14,14.0357)
 [14,15)
 [13.9284,14.0357)
 [13.6015,13.8924)
 [13.6015,13.8924)
 [13.3417,13.4164)
 [13,13.0384)
 [12.7279,12.8062)
 [12.6491,13)
 [12.3693,13.0384)
 [12.3693,12.53)
 [12.3693,12.53)
 [12.3693,15.2315)
 [12.083,12.2066)
 [12.083,12.1655)
 [12.083,12.1655)
 [12.083,12.1655)
 [12.083,12.1655)
 [12.083,12.1655)
 [11.7047,13.8924)
 [11.6619,11.7047)
 [11.6619,11.7047)
 [11.6619,11.7047)
 [11.6619,11.7047)
 [11.6619,11.7047)
 [1.41421,177)
 [1.41421,54.5711)
