 [13,13.0384)
 [12.0416,12.083)
 [12,12.0416)
 [12,12.0416)
 [12,12.0416)
 [12,12.0416)
 [11.7047,12.0416)
 [11.6619,11.7047)
 [11.6619,11.7047)
 [11.6619,12.083)
 [11.3137,11.4018)
 [11.3137,11.4018)
 [11.3137,11.4018)
 [11.3137,11.4018)
 [11.3137,11.4018)
 [11.1803,11.3137)
 [11.1803,11.3137)
 [11.1803,11.4018)
 [11.1803,11.4018)
 [11.1803,11.3137)
 [11.1803,11.3137)
 [11.1803,11.3137)
 [11.1803,11.3137)
 [11.1803,11.3137)
 [11.1803,11.3137)
 [11.0454,11.1803)
 [11,11.0454)
 [11,11.0454)
 [11,11.0454)
 [11,11.0454)
 [11,11.0454)
 [11,11.0454)
 [11,11.0454)
 [11,11.0454)
 [11,11.0454)
 [11,11.0454)
 [11,11.0454)
 [11,11.0454)
 [10.8167,11.4018)
 [10.8167,11.3137)
 [10.7703,10.8167)
 [10.7703,11.1803)
 [10.7703,11)
 [10.7703,10.8167)
 [10.6301,10.7703)
 [10.4403,11.0454)
 [10.4403,11.4018)
 [10.2956,10.6301)
 [10.2956,10.4403)
 [10.2956,10.4403)
 [10.2956,11.7047)
 [10.0499,13.6015)
 [10,10.6301)
 [10,10.4403)
 [9.8995,10.4403)
 [9.8995,12.2066)
 [4,4.12311)
 [3,3.16228)
 [3,3.16228)
 [3,3.16228)
 [3,67.4166)
 [1.41421,179)
