 [16.1245,16.2788)
 [15,15.0333)
 [14.1421,14.2127)
 [14,14.0357)
 [14,14.0357)
 [14,14.0357)
 [14,14.0357)
 [14,14.0357)
 [14,14.0357)
 [14,14.0357)
 [14,14.0357)
 [14,14.0357)
 [14,16.7631)
 [13,13.0384)
 [12.7279,12.8062)
 [12.6491,13.0384)
 [12.6491,13)
 [12.3693,13)
 [12.3693,16.5529)
 [11.6619,12.0416)
 [11.4018,11.7047)
 [11.1803,14.2127)
 [6.7082,7)
 [6,6.08276)
 [6,6.08276)
 [6,6.08276)
 [6,6.08276)
 [6,6.08276)
 [6,6.08276)
 [6,6.08276)
 [6,6.08276)
 [6,6.08276)
 [6,6.08276)
 [6,6.08276)
 [6,6.08276)
 [6,6.08276)
 [6,6.08276)
 [6,6.08276)
 [6,6.08276)
 [6,6.08276)
 [6,6.08276)
 [6,6.08276)
 [5.83095,6.08276)
 [5.38516,6.08276)
 [5.38516,6.08276)
 [5.38516,43.382)
 [2.82843,3)
 [1.41421,162.533)
