 [13.3417,13.4164)
 [13,13.0384)
 [12.6491,13.0384)
 [12.6491,13)
 [12.3693,13.1529)
 [12.083,12.1655)
 [12.083,12.1655)
 [12.083,12.1655)
 [12.083,12.2066)
 [12,12.0416)
 [11.6619,12.3693)
 [11.4018,11.6619)
 [11.0454,11.1803)
 [11,11.0454)
 [11,11.0454)
 [11,11.0454)
 [11,11.0454)
 [11,11.0454)
 [11,11.0454)
 [11,11.0454)
 [11,11.0454)
 [11,11.0454)
 [11,11.0454)
 [10.198,11)
 [10.198,10.2956)
 [10.0499,12.0416)
 [9.84886,10)
 [9.84886,15.2315)
 [4,4.12311)
 [4,4.12311)
 [4,4.12311)
 [4,4.12311)
 [4,4.12311)
 [4,4.12311)
 [4,42.19)
 [1.41421,153)
