 [13,13.0384)
 [13,13.0384)
 [13,13.0384)
 [13,13.0384)
 [13,13.0384)
 [13,13.0384)
 [13,13.0384)
 [13,13.0384)
 [13,13.0384)
 [13,13.0384)
 [12.3693,13.8924)
 [12.3693,12.53)
 [12.083,12.1655)
 [12.083,12.2066)
 [11.7047,12.0416)
 [11.7047,12.0416)
 [11.7047,12.0416)
 [11.4018,11.6619)
 [11.4018,11.6619)
 [11.4018,11.6619)
 [11.1803,11.3137)
 [11.1803,12.53)
 [11,11.0454)
 [11,11.0454)
 [11,11.0454)
 [11,11.0454)
 [11,11.0454)
 [11,11.0454)
 [11,11.0454)
 [11,11.0454)
 [11,11.0454)
 [11,11.0454)
 [11,11.0454)
 [11,11.0454)
 [11,11.0454)
 [10.7703,10.8167)
 [10.6301,11.4018)
 [10.6301,12.0416)
 [10.4403,11.0454)
 [10.2956,10.7703)
 [10.0499,11)
 [10.0499,11)
 [10.0499,11)
 [9.84886,10)
 [9.84886,10)
 [9.84886,10)
 [9.84886,10)
 [9.84886,10)
 [9.84886,10)
 [9.84886,10)
 [1.41421,155.416)
 [1.41421,55.7584)
