 [17.4642,17.4929)
 [17.4642,17.8885)
 [16.9706,17)
 [16.9706,17.0294)
 [16.9706,17.0294)
 [16.9706,17.0294)
 [16.9706,17.0294)
 [16.9706,17.0294)
 [16.7631,17)
 [16.6433,17.6918)
 [16.5529,17.0294)
 [16.4012,16.9706)
 [16.1245,16.1555)
 [16.1245,16.4924)
 [16,16.0312)
 [16,16.1245)
 [16,16.0312)
 [16,16.0312)
 [16,16.0312)
 [16,16.0312)
 [16,18.3576)
 [16,16.0312)
 [16,16.0312)
 [15.5563,15.6205)
 [15.5563,17.0294)
 [15.1327,15.2315)
 [15,18.0278)
 [8,8.06226)
 [8,8.06226)
 [8,8.06226)
 [8,8.06226)
 [8,8.06226)
 [7,7.07107)
 [7,7.07107)
 [7,7.07107)
 [7,7.07107)
 [7,7.07107)
 [7,7.07107)
 [7,7.07107)
 [7,7.07107)
 [6,6.08276)
 [6,6.08276)
 [6,6.08276)
 [6,6.08276)
 [6,6.08276)
 [6,6.08276)
 [6,6.08276)
 [6,6.08276)
 [6,6.08276)
 [6,6.08276)
 [6,43.566)
 [5.83095,6)
 [1.41421,188.404)
