 [45,45.0111)
 [45,45.0111)
 [45,45.0111)
 [45,45.0111)
 [15,15.0333)
 [15,15.0333)
 [14.4222,14.7648)
 [14.3178,14.4222)
 [14.3178,15)
 [14.3178,14.5602)
 [14.2127,14.4222)
 [14.0357,14.3178)
 [14.0357,14.7648)
 [14,14.0357)
 [13.9284,14.8661)
 [13.9284,14.1421)
 [13.9284,14.1421)
 [13.9284,14)
 [13.8924,15.0333)
 [12.3693,12.6491)
 [12.0416,12.083)
 [12,12.0416)
 [11.7047,12.0416)
 [11.6619,11.7047)
 [11.6619,11.7047)
 [11.0454,11.1803)
 [11.0454,11.1803)
 [10.7703,11.0454)
 [10.7703,10.8167)
 [10.7703,10.8167)
 [10.6301,10.8167)
 [10.2956,13.1529)
 [6,6.08276)
 [6,6.08276)
 [6,6.08276)
 [6,6.08276)
 [6,6.08276)
 [6,6.08276)
 [6,6.08276)
 [6,6.08276)
 [6,6.08276)
 [6,6.08276)
 [6,6.08276)
 [5.38516,6.08276)
 [5.09902,45.1774)
 [2,2.23607)
 [1.41421,141)
