 [45.1774,45.1885)
 [45.1774,47.8017)
 [32.1403,32.311)
 [29.9666,30.4795)
 [29.0689,29.1548)
 [28.4253,29.5296)
 [26.8701,26.9072)
 [26.8701,26.9072)
 [25,25.1794)
 [22.8035,23.0217)
 [22.3607,22.4722)
 [21.1896,22.0907)
 [20.8806,22.6716)
 [20.8806,21.4009)
 [20.6155,21.0238)
 [20.3961,21.4009)
 [20.2237,21.4709)
 [20.2237,21.6333)
 [20.2237,21)
 [19.4165,23.3238)
 [18.3576,18.3848)
 [17.8045,25.318)
 [17.6918,31.241)
 [14.1421,14.2127)
 [13,13.0384)
 [13,13.0384)
 [13,13.0384)
 [13,13.0384)
 [13,13.0384)
 [13,13.0384)
 [13,13.0384)
 [13,13.0384)
 [13,13.0384)
 [13,13.0384)
 [13,13.0384)
 [13,13.0384)
 [13,13.0384)
 [13,13.0384)
 [13,13.0384)
 [13,13.0384)
 [13,13.0384)
 [13,13.0384)
 [13,13.0384)
 [13,13.0384)
 [13,13.0384)
 [13,13.0384)
 [13,13.0384)
 [12.7279,12.8062)
 [12.7279,12.8062)
 [12.7279,13)
 [12.7279,12.8062)
 [12.7279,12.8062)
 [12.7279,12.8062)
 [12.6491,13.0384)
 [12.6491,13.0384)
 [12.53,12.6491)
 [12.53,12.6491)
 [12.53,12.7279)
 [12.53,12.6491)
 [12.53,13.0384)
 [12.53,12.6491)
 [12.53,12.6491)
 [12.53,12.6491)
 [12.53,12.6491)
 [12.53,12.6491)
 [12.53,12.6491)
 [12.53,12.6491)
 [12.53,12.7279)
 [12.53,12.6491)
 [12.53,12.6491)
 [12.53,12.6491)
 [12.53,13.0384)
 [12.53,12.6491)
 [12.3693,13)
 [12.3693,13.0384)
 [12.3693,13)
 [12.3693,13.0384)
 [12.2066,12.7279)
 [12.2066,13)
 [12.2066,12.53)
 [12.2066,13.4164)
 [12.2066,12.6491)
 [12.2066,12.6491)
 [12.083,13)
 [12.083,12.2066)
 [12.083,13.0384)
 [12.083,12.2066)
 [12.083,12.2066)
 [12.083,12.2066)
 [12.083,12.2066)
 [12.083,12.2066)
 [12.083,12.2066)
 [12.083,12.2066)
 [12.083,12.2066)
 [12.083,12.2066)
 [12.083,12.2066)
 [12.083,12.2066)
 [12.083,12.2066)
 [12.083,12.2066)
 [12.083,12.2066)
 [12.083,12.2066)
 [12.083,13.4536)
 [12.083,12.2066)
 [12.083,12.2066)
 [12.083,12.2066)
 [12.083,12.2066)
 [12.083,12.2066)
 [11.4018,12.2066)
 [11.4018,12.0416)
 [11.4018,12.0416)
 [11.4018,12.083)
 [11.4018,12.0416)
 [11.4018,12.0416)
 [11.4018,12.083)
 [11.4018,12.083)
 [11.4018,12.0416)
 [11.4018,12.0416)
 [11.4018,12.0416)
 [11.4018,12.083)
 [11.4018,12.083)
 [11.3137,11.4018)
 [11.3137,12.0416)
 [11.3137,11.4018)
 [11.3137,12.2066)
 [11.3137,11.4018)
 [11.3137,12.2066)
 [11.3137,11.4018)
 [11.3137,11.4018)
 [11.3137,13.0384)
 [11.3137,12.083)
 [11.3137,11.4018)
 [11.3137,12.083)
 [11.3137,11.4018)
 [11.3137,12.083)
 [11.3137,11.4018)
 [11.3137,12.0416)
 [11.3137,11.4018)
 [11.3137,12.2066)
 [11.3137,11.4018)
 [11.3137,12.2066)
 [11.3137,11.4018)
 [11.3137,12.6491)
 [11.3137,11.4018)
 [11.3137,13.4536)
 [10.2956,12.0416)
 [10.2956,12.0416)
 [10.198,14)
 [9.48683,12.0416)
 [9.48683,12.0416)
 [9.48683,12.0416)
 [9.48683,12.0416)
 [9.48683,12.53)
 [9.48683,13.6015)
 [9.43398,9.48683)
 [9,9.05539)
 [9,9.05539)
 [9,9.05539)
 [9,9.05539)
 [9,9.05539)
 [8.544,8.60233)
 [8.544,8.60233)
 [8.544,8.60233)
 [8.544,9.48683)
 [8.48528,12)
 [1.41421,35)
 [1.41421,2)
