 [33,33.0151)
 [33,33.0151)
 [33,33.0151)
 [33,33.0151)
 [32.3883,32.573)
 [32,32.0156)
 [32,32.0156)
 [32,32.0156)
 [32,32.0156)
 [32,32.0156)
 [32,32.0156)
 [32,32.0156)
 [32,32.0156)
 [32,32.0156)
 [32,32.0156)
 [31.7805,35.9026)
 [24.6982,25.0799)
 [24.5153,25)
 [24.5153,25)
 [23.5372,24.1661)
 [23.4094,24.1868)
 [22.1359,22.2036)
 [22.1359,22.3607)
 [22.1359,22.8254)
 [22.0907,23.0217)
 [22,22.0227)
 [22,22.0227)
 [22,22.0227)
 [22,22.0907)
 [22,22.0227)
 [22,22.0227)
 [22,22.0227)
 [21.1896,21.9545)
 [21,21.0238)
 [21,21.0238)
 [21,21.0238)
 [21,25.0799)
 [20.8806,21.3776)
 [20.3961,21)
 [20.2237,21.6333)
 [20.2237,21)
 [20.2237,21)
 [20.0998,21)
 [19.9249,21)
 [18.4391,18.6011)
 [17.2627,19.6977)
 [17.0294,17.088)
 [13,13.0384)
 [13,13.0384)
 [13,13.4536)
 [13,13.0384)
 [13,13.0384)
 [13,13.0384)
 [13,13.0384)
 [13,13.0384)
 [13,13.0384)
 [13,13.0384)
 [13,13.0384)
 [13,13.0384)
 [13,13.0384)
 [13,13.0384)
 [13,13.0384)
 [13,13.0384)
 [13,13.0384)
 [13,13.0384)
 [13,13.0384)
 [13,13.0384)
 [13,13.0384)
 [13,13.0384)
 [13,13.0384)
 [13,13.0384)
 [13,13.0384)
 [13,13.0384)
 [13,13.0384)
 [13,13.0384)
 [13,13.0384)
 [13,13.0384)
 [13,13.0384)
 [13,13.0384)
 [13,13.0384)
 [13,13.0384)
 [13,13.0384)
 [13,13.0384)
 [13,13.0384)
 [13,13.0384)
 [13,13.0384)
 [13,13.0384)
 [13,13.0384)
 [13,13.0384)
 [13,13.0384)
 [13,13.0384)
 [13,13.0384)
 [13,13.0384)
 [13,13.0384)
 [13,13.0384)
 [13,13.0384)
 [13,13.0384)
 [13,13.0384)
 [13,13.0384)
 [13,13.0384)
 [13,13.0384)
 [13,13.0384)
 [13,13.0384)
 [13,13.0384)
 [13,13.0384)
 [13,13.0384)
 [13,13.0384)
 [13,13.0384)
 [13,13.0384)
 [13,13.0384)
 [13,13.0384)
 [13,13.0384)
 [13,13.0384)
 [13,13.0384)
 [13,13.0384)
 [13,13.0384)
 [13,13.0384)
 [13,13.0384)
 [13,13.0384)
 [13,13.0384)
 [13,13.0384)
 [13,13.0384)
 [13,13.0384)
 [13,13.0384)
 [13,13.0384)
 [13,13.0384)
 [13,13.0384)
 [13,13.0384)
 [13,13.0384)
 [13,13.0384)
 [13,13.0384)
 [13,13.0384)
 [13,13.0384)
 [13,13.0384)
 [13,13.0384)
 [13,13.0384)
 [13,13.0384)
 [13,13.0384)
 [13,13.0384)
 [13,13.0384)
 [13,13.0384)
 [13,13.0384)
 [13,13.0384)
 [13,13.0384)
 [13,13.0384)
 [13,13.0384)
 [13,13.0384)
 [13,13.0384)
 [13,13.0384)
 [13,13.0384)
 [13,13.0384)
 [13,13.0384)
 [13,13.0384)
 [13,13.0384)
 [13,13.0384)
 [13,13.0384)
 [13,13.0384)
 [13,13.0384)
 [13,13.0384)
 [13,13.0384)
 [13,13.0384)
 [13,13.0384)
 [12.8062,13.4164)
 [12.7279,12.8062)
 [12.7279,12.8062)
 [12.7279,13.4164)
 [12.6491,13.0384)
 [12.6491,13.0384)
 [12.6491,13.0384)
 [12.6491,13)
 [12.6491,13.0384)
 [12.6491,13)
 [12.6491,13)
 [12.6491,13.0384)
 [12.6491,13)
 [12.6491,13)
 [12.6491,13)
 [12.6491,13)
 [12.6491,13)
 [12.6491,13)
 [12.6491,13)
 [12.6491,13.0384)
 [12.6491,13)
 [12.6491,13)
 [12.6491,13)
 [12.6491,13)
 [12.6491,13)
 [12.6491,13.0384)
 [12.53,12.6491)
 [12.53,12.6491)
 [12.53,13.0384)
 [12.53,13)
 [12.3693,13)
 [12.3693,13)
 [12.3693,13.0384)
 [12.3693,13)
 [12.3693,13)
 [12.3693,13)
 [12.3693,13)
 [12.3693,13.0384)
 [12.3693,13.0384)
 [12.3693,13)
 [12.3693,13.0384)
 [12.3693,13.0384)
 [12.2066,13.4536)
 [12.083,12.2066)
 [12.083,12.2066)
 [12.083,12.2066)
 [12.0416,14.2127)
 [12.0416,12.083)
 [12.0416,13.0384)
 [12,12.0416)
 [12,13)
 [11.4018,22.8035)
 [11.4018,13.4536)
 [11.4018,15)
 [11.4018,13.1529)
 [11.4018,13.0384)
 [11.4018,12.083)
 [11.4018,11.6619)
 [11.4018,13.0384)
 [11.1803,13.0384)
 [11.0454,11.1803)
 [11.0454,11.1803)
 [11.0454,11.1803)
 [11,12.0416)
 [11,11.0454)
 [11,11.0454)
 [11,11.0454)
 [11,11.0454)
 [11,11.0454)
 [11,11.6619)
 [10.7703,13)
 [10.7703,11)
 [10.198,18.3576)
 [10,10.0499)
 [10,10.0499)
 [10,10.0499)
 [10,10.4403)
 [9.48683,14)
 [9.21954,14.7648)
 [2,2.23607)
 [1.41421,25.1794)
 [1.41421,2.23607)
