 [38.833,39)
 [30.0832,31)
 [28.1603,28.2843)
 [26.4764,26.8328)
 [26.0768,26.1725)
 [26.0768,27.2947)
 [25.9615,26)
 [25.0799,25.4951)
 [25,25.4951)
 [25,25.02)
 [25,31.0161)
 [23.7697,24.0208)
 [23.5372,23.7065)
 [22.4722,23.0217)
 [21.587,22)
 [21,21.0238)
 [21,21.0238)
 [21,21.0238)
 [21,21.0238)
 [21,28.6356)
 [21,21.0238)
 [20.8806,21.3776)
 [20.6155,21)
 [20,20.025)
 [20,20.025)
 [20,20.025)
 [20,20.025)
 [20,20.1246)
 [19.9249,20.5913)
 [19.9249,21.0238)
 [19.4165,26.1725)
 [18,18.0278)
 [13,13.0384)
 [13,13.0384)
 [13,13.0384)
 [13,13.0384)
 [13,13.0384)
 [13,13.0384)
 [13,13.0384)
 [13,13.0384)
 [13,13.0384)
 [13,13.0384)
 [13,13.0384)
 [13,13.0384)
 [13,13.0384)
 [13,13.0384)
 [13,13.0384)
 [13,13.0384)
 [13,13.0384)
 [13,13.0384)
 [13,13.0384)
 [13,13.0384)
 [13,13.0384)
 [13,13.0384)
 [13,13.0384)
 [13,13.0384)
 [13,13.0384)
 [13,13.0384)
 [13,13.0384)
 [13,13.0384)
 [13,13.0384)
 [13,13.0384)
 [13,13.0384)
 [13,13.0384)
 [13,13.0384)
 [13,13.0384)
 [13,13.0384)
 [13,13.0384)
 [13,13.0384)
 [13,13.0384)
 [13,13.0384)
 [13,13.0384)
 [13,13.0384)
 [13,13.0384)
 [13,13.0384)
 [13,13.0384)
 [13,13.0384)
 [13,13.0384)
 [13,13.0384)
 [13,13.0384)
 [13,13.0384)
 [13,13.0384)
 [13,13.0384)
 [13,13.0384)
 [13,13.0384)
 [13,13.0384)
 [13,13.0384)
 [13,13.0384)
 [13,13.0384)
 [13,13.0384)
 [13,13.0384)
 [13,13.0384)
 [13,13.0384)
 [13,13.0384)
 [13,13.0384)
 [13,13.0384)
 [13,13.0384)
 [13,13.0384)
 [13,13.0384)
 [13,13.0384)
 [13,13.0384)
 [13,13.0384)
 [13,13.0384)
 [13,13.0384)
 [13,13.0384)
 [13,13.0384)
 [13,13.0384)
 [12.6491,13)
 [12.6491,13)
 [12.6491,13.0384)
 [12.6491,13.0384)
 [12.6491,13)
 [12.53,12.8062)
 [12.53,12.6491)
 [12.53,13.0384)
 [12.3693,12.6491)
 [12.3693,13)
 [12.3693,13)
 [12.3693,13.0384)
 [12.3693,13.0384)
 [12.3693,13)
 [12.3693,13.0384)
 [12.3693,13)
 [12.3693,13.0384)
 [12.3693,12.53)
 [12.3693,13)
 [11.4018,12.3693)
 [11.4018,12.083)
 [11.4018,12.083)
 [11.4018,13)
 [11.4018,13)
 [11.4018,12.083)
 [11.4018,12.083)
 [11.4018,12.6491)
 [11.4018,13)
 [11.4018,13)
 [11.4018,13)
 [11.4018,13.0384)
 [11.4018,13.0384)
 [11.4018,12.083)
 [11.4018,12.083)
 [11.4018,12.0416)
 [11.4018,12.083)
 [11.4018,12.0416)
 [11.4018,12.53)
 [11.1803,14.2127)
 [11,11.0454)
 [11,11.0454)
 [11,11.0454)
 [11,12.0416)
 [11,11.0454)
 [11,11.0454)
 [11,11.0454)
 [11,12.0416)
 [11,11.0454)
 [11,11.0454)
 [11,11.0454)
 [11,12.0416)
 [11,11.0454)
 [11,11.0454)
 [11,11.0454)
 [11,13.9284)
 [9.48683,12.083)
 [9.48683,13.0384)
 [9.48683,14.3178)
 [9.05539,13.1529)
 [1.41421,39.9249)
