 [52,52.0096)
 [51,51.0098)
 [51,51.0098)
 [51,51.0098)
 [51,51.0098)
 [50.01,51.9711)
 [49,49.0102)
 [46,46.0109)
 [46,46.0109)
 [46,46.0109)
 [46,46.0109)
 [43,43.0116)
 [43,43.0116)
 [43,43.0116)
 [43,43.1741)
 [42,42.0119)
 [42,42.0119)
 [33,33.0151)
 [33,33.0151)
 [33,33.0151)
 [32.7567,36.8917)
 [30.3645,30.4138)
 [30.0832,30.4138)
 [29.9666,30.0167)
 [29.8329,29.9666)
 [29,29.0172)
 [29,29.0172)
 [29,29.0172)
 [29,29.0172)
 [29,29.0172)
 [29,29.0172)
 [29,29.0172)
 [29,29.0172)
 [29,29.0172)
 [29,29.0172)
 [29,29.0172)
 [26.6833,27)
 [26.6833,26.9258)
 [26.6833,26.9258)
 [24.3311,25)
 [24.1868,29.6142)
 [24.1868,24.5967)
 [24.0416,24.0832)
 [24,24.0208)
 [24,24.0208)
 [24,24.0208)
 [24,24.3516)
 [23.7697,24)
 [23.3452,25)
 [23,23.0217)
 [23,23.0217)
 [23,23.0217)
 [23,23.0217)
 [23,23.0217)
 [23,23.0217)
 [23,23.0217)
 [23,23.0217)
 [23,23.0217)
 [23,23.0217)
 [22.8254,22.8473)
 [22.8254,22.8473)
 [22.6274,22.6716)
 [22.1359,22.561)
 [22.0227,22.8473)
 [21.6333,21.9317)
 [21.6333,30.5287)
 [21.4009,29.0172)
 [19,19.0263)
 [19,23.0217)
 [18,18.0278)
 [16,16.0312)
 [16,16.0312)
 [16,16.0312)
 [16,16.0312)
 [16,16.0312)
 [16,16.0312)
 [16,16.0312)
 [15.2315,15.2971)
 [15.0333,15.2315)
 [15,17)
 [14.8661,15)
 [14.3178,20)
 [12.6491,13)
 [10.7703,10.8167)
 [9.84886,10)
 [7.61577,8)
 [7.61577,8)
 [5.83095,6)
 [4.47214,5)
 [2.82843,3)
 [2.82843,3)
 [1.41421,52.0096)
 [1.41421,2)
