 [34.2345,35)
 [34,34.0147)
 [33.541,35)
 [27.2029,27.2947)
 [27,27.0185)
 [27,27.0185)
 [27,27.0185)
 [27,27.0185)
 [27,27.0185)
 [27,27.0185)
 [27,27.0185)
 [27,27.0185)
 [27,27.0185)
 [27,27.0185)
 [27,27.0185)
 [27,27.0185)
 [27,27.0185)
 [27,27.0185)
 [27,27.0185)
 [27,27.0185)
 [27,27.0185)
 [27,27.0185)
 [27,27.0185)
 [27,27.0185)
 [27,27.0185)
 [27,27.0185)
 [27,27.0185)
 [27,27.0185)
 [27,27.0185)
 [27,27.0185)
 [26.6833,27)
 [26,26.0192)
 [25.9615,26)
 [25.7099,26)
 [24.8395,26.8701)
 [24.0832,27.0185)
 [24.0208,24.0416)
 [24,24.0208)
 [24,24.0208)
 [24,24.0208)
 [24,24.0208)
 [24,24.0208)
 [24,24.0208)
 [24,24.0208)
 [24,24.0208)
 [24,24.0208)
 [24,24.0208)
 [24,24.0208)
 [24,24.0208)
 [23,23.0217)
 [23,23.0217)
 [23,23.0217)
 [23,23.0217)
 [23,23.0217)
 [23,23.0217)
 [23,23.0217)
 [23,23.0217)
 [23,23.0217)
 [23,23.0217)
 [23,23.0217)
 [23,23.0217)
 [23,23.0217)
 [23,24.0208)
 [23,23.0217)
 [23,23.0217)
 [22.8035,22.8254)
 [22.6274,35)
 [22.3607,23.7697)
 [22,22.0227)
 [22,22.0227)
 [22,22.0227)
 [22,22.0227)
 [22,22.0227)
 [22,22.0227)
 [22,22.0227)
 [22,22.0227)
 [22,22.0227)
 [22,22.0227)
 [22,22.0227)
 [22,22.0227)
 [22,22.0227)
 [22,22.0227)
 [22,22.0227)
 [22,22.0227)
 [22,22.0227)
 [22,22.0227)
 [22,22.0227)
 [22,22.0227)
 [22,22.0227)
 [22,22.0227)
 [21.4709,21.5407)
 [21.2603,21.9317)
 [21.1896,21.3776)
 [21.095,22.0227)
 [21,21.0238)
 [21,21.0238)
 [21,21.0238)
 [21,21.0238)
 [21,21.0238)
 [21,21.0238)
 [21,21.0238)
 [21,21.0238)
 [21,21.0238)
 [21,21.0238)
 [21,21.0238)
 [21,22)
 [21,21.0238)
 [21,21.0238)
 [21,21.0238)
 [21,21.0238)
 [21,21.0238)
 [21,21.0238)
 [20.3961,21)
 [20,20.025)
 [20,20.025)
 [20,20.025)
 [20,20.025)
 [20,20.025)
 [20,20.025)
 [20,20.025)
 [20,20.025)
 [20,20.025)
 [20,21)
 [19.6469,19.799)
 [18,18.0278)
 [18,18.0278)
 [18,18.0278)
 [18,18.0278)
 [18,18.0278)
 [18,18.0278)
 [18,18.0278)
 [18,24.3516)
 [17.4642,18)
 [17.2627,17.4642)
 [17.0294,17.8885)
 [17,17.4642)
 [17,17.0294)
 [17,17.0294)
 [17,17.8885)
 [17,18)
 [16.7631,17)
 [16.2788,16.5529)
 [16,16.0312)
 [16,16.0312)
 [16,16.0312)
 [16,16.0312)
 [16,16.0312)
 [15.2971,16.0312)
 [14,14.0357)
 [14,14.0357)
 [13,13.0384)
 [13,13.0384)
 [13,13.0384)
 [13,13.0384)
 [13,13.0384)
 [13,13.0384)
 [13,13.0384)
 [13,13.0384)
 [13,13.0384)
 [13,13.0384)
 [13,13.0384)
 [13,13.0384)
 [13,13.0384)
 [13,13.0384)
 [13,13.0384)
 [13,13.0384)
 [13,13.0384)
 [13,13.0384)
 [13,13.0384)
 [13,13.0384)
 [13,13.0384)
 [13,13.0384)
 [13,13.0384)
 [13,13.0384)
 [13,13.0384)
 [13,13.0384)
 [13,13.0384)
 [13,13.0384)
 [13,13.0384)
 [13,13.0384)
 [13,13.0384)
 [13,13.0384)
 [13,13.0384)
 [13,13.0384)
 [13,13.0384)
 [13,13.0384)
 [13,13.0384)
 [13,13.0384)
 [13,13.0384)
 [13,13.0384)
 [13,13.0384)
 [13,13.0384)
 [12.6491,13.0384)
 [12.6491,13.0384)
 [12.6491,13.0384)
 [12.6491,13.0384)
 [12.6491,13)
 [12.6491,13)
 [12.6491,13)
 [12.6491,13.0384)
 [12.3693,13.0384)
 [12.3693,13)
 [12.3693,13)
 [12.3693,13)
 [12.3693,13.0384)
 [12.3693,13.0384)
 [12.3693,13)
 [12.3693,13)
 [12.3693,13)
 [12.3693,13)
 [12.3693,13)
 [12.3693,13)
 [12.3693,13.0384)
 [12,12.0416)
 [12,12.0416)
 [12,12.0416)
 [11.4018,12.083)
 [11.4018,13)
 [11.4018,13.0384)
 [11,11.0454)
 [11,11.0454)
 [11,12)
 [11,11.0454)
 [10,10.0499)
 [9,9.05539)
 [9,9.05539)
 [8,8.06226)
 [8,8.06226)
 [8,8.06226)
 [7,7.07107)
 [7,7.07107)
 [7,7.07107)
 [7,7.07107)
 [7,7.07107)
 [2,2.23607)
 [1.41421,45.2217)
