 [43,43.0116)
 [43,43.0116)
 [43,43.0116)
 [43,43.0116)
 [43,43.0116)
 [43,43.0116)
 [43,43.0116)
 [43,43.0116)
 [43,43.0116)
 [43,43.0116)
 [43,43.0116)
 [43,43.0116)
 [43,43.0116)
 [43,43.0116)
 [43,43.2897)
 [41.5933,42.0119)
 [41.4367,42)
 [41.4367,41.4849)
 [41,41.0122)
 [41,41.0122)
 [41,41.0122)
 [41,41.0122)
 [41,41.0122)
 [41,41.0122)
 [41,41.0122)
 [41,41.0122)
 [41,42.0476)
 [31,31.0161)
 [31,31.0161)
 [31,31.0161)
 [31,31.0161)
 [31,31.0161)
 [31,31.0161)
 [31,31.0161)
 [31,31.0161)
 [31,31.0161)
 [31,31.0161)
 [31,31.0161)
 [30,30.0167)
 [30,30.0167)
 [30,30.0167)
 [30,30.0167)
 [30,31.0161)
 [30,30.0167)
 [30,30.0167)
 [13,13.0384)
 [13,13.0384)
 [13,13.0384)
 [13,13.0384)
 [13,13.0384)
 [13,13.0384)
 [13,13.0384)
 [13,13.0384)
 [13,13.0384)
 [13,13.0384)
 [13,13.0384)
 [13,13.0384)
 [13,13.0384)
 [13,13.0384)
 [13,13.0384)
 [13,13.0384)
 [13,13.0384)
 [13,13.0384)
 [13,13.0384)
 [13,13.0384)
 [13,13.0384)
 [13,13.0384)
 [13,13.0384)
 [13,13.0384)
 [13,13.0384)
 [13,13.0384)
 [13,13.0384)
 [13,13.0384)
 [13,13.0384)
 [13,13.0384)
 [13,13.0384)
 [13,13.0384)
 [13,13.0384)
 [13,13.0384)
 [13,13.0384)
 [13,13.0384)
 [13,13.0384)
 [13,13.0384)
 [13,13.0384)
 [13,13.0384)
 [13,13.0384)
 [13,13.0384)
 [13,13.0384)
 [13,13.0384)
 [13,13.0384)
 [13,13.0384)
 [13,13.0384)
 [13,13.0384)
 [13,13.0384)
 [13,13.0384)
 [13,13.0384)
 [13,13.0384)
 [13,13.0384)
 [13,13.0384)
 [13,13.0384)
 [13,13.0384)
 [13,13.0384)
 [13,13.0384)
 [13,13.0384)
 [13,13.0384)
 [13,13.0384)
 [13,13.0384)
 [13,13.0384)
 [13,13.0384)
 [13,13.0384)
 [13,13.0384)
 [13,13.0384)
 [13,13.0384)
 [13,13.0384)
 [13,13.0384)
 [13,13.0384)
 [13,13.0384)
 [13,13.0384)
 [13,13.0384)
 [13,13.0384)
 [13,13.0384)
 [13,13.0384)
 [13,13.0384)
 [13,13.0384)
 [13,13.0384)
 [13,13.0384)
 [13,13.0384)
 [13,13.0384)
 [13,13.0384)
 [13,13.0384)
 [13,13.0384)
 [13,13.0384)
 [13,13.0384)
 [13,13.0384)
 [13,13.0384)
 [13,13.0384)
 [13,13.0384)
 [13,13.0384)
 [13,13.0384)
 [13,13.0384)
 [13,13.0384)
 [13,13.0384)
 [13,13.0384)
 [13,13.0384)
 [13,13.0384)
 [13,13.0384)
 [13,13.0384)
 [13,13.0384)
 [13,13.0384)
 [13,13.0384)
 [13,13.0384)
 [13,13.0384)
 [13,13.0384)
 [13,13.0384)
 [13,13.0384)
 [13,13.0384)
 [13,13.0384)
 [13,13.0384)
 [13,13.0384)
 [13,13.0384)
 [13,13.0384)
 [13,13.0384)
 [13,13.0384)
 [13,13.0384)
 [13,13.0384)
 [13,13.0384)
 [13,13.0384)
 [13,13.0384)
 [13,13.0384)
 [13,13.0384)
 [13,13.0384)
 [13,13.0384)
 [13,13.0384)
 [13,13.0384)
 [13,13.0384)
 [13,13.0384)
 [13,13.0384)
 [13,13.0384)
 [13,13.0384)
 [13,13.0384)
 [13,13.0384)
 [13,13.0384)
 [13,13.0384)
 [13,13.0384)
 [13,13.0384)
 [13,13.0384)
 [13,13.0384)
 [13,13.0384)
 [13,13.0384)
 [13,13.0384)
 [13,13.0384)
 [13,13.0384)
 [13,13.0384)
 [13,13.0384)
 [13,13.0384)
 [13,13.0384)
 [13,13.0384)
 [13,13.0384)
 [13,13.0384)
 [13,13.0384)
 [13,13.0384)
 [13,13.0384)
 [13,13.0384)
 [13,13.0384)
 [13,13.0384)
 [13,13.0384)
 [13,13.0384)
 [13,13.0384)
 [13,13.0384)
 [13,13.0384)
 [13,13.0384)
 [13,13.0384)
 [12.7279,12.8062)
 [12.7279,12.8062)
 [12.6491,13.0384)
 [12.6491,13.0384)
 [12.6491,13.0384)
 [12.6491,13.0384)
 [12.6491,13)
 [12.6491,13)
 [12.6491,13)
 [12.6491,13)
 [12.6491,13)
 [12.6491,13.0384)
 [12.6491,13.0384)
 [12.6491,13)
 [12.6491,13.0384)
 [12.6491,13)
 [12.6491,13.0384)
 [12.6491,13.0384)
 [12.6491,13)
 [12.6491,13)
 [12.6491,13.0384)
 [12.6491,13.0384)
 [12.53,13.0384)
 [12.53,12.6491)
 [12.3693,12.6491)
 [12.3693,13.0384)
 [12.3693,13.0384)
 [12.3693,13)
 [12.3693,13)
 [12.3693,13)
 [12.3693,13)
 [12.3693,13)
 [12.3693,12.53)
 [12.3693,13)
 [12.3693,13)
 [12.3693,12.53)
 [12.3693,13)
 [12.3693,13)
 [12.3693,13)
 [12.3693,13)
 [12.3693,13)
 [12.3693,13.0384)
 [12.3693,13.0384)
 [12.3693,13.0384)
 [12.3693,13.0384)
 [12.3693,13)
 [12.3693,13)
 [12.3693,13)
 [12.3693,13)
 [12.3693,13)
 [12.3693,13)
 [12.3693,13)
 [12.3693,13)
 [12.3693,13)
 [12.2066,12.53)
 [12.2066,12.53)
 [12.2066,12.53)
 [12.083,13)
 [12.083,12.2066)
 [12.083,12.2066)
 [12.083,12.2066)
 [12.083,12.6491)
 [12.083,12.2066)
 [12.083,12.2066)
 [12.083,12.6491)
 [12.0416,12.53)
 [11.4018,12.0416)
 [11.4018,13)
 [11.4018,13.0384)
 [11.4018,13.0384)
 [11.4018,13.6015)
 [11.3137,11.4018)
 [11.3137,12.2066)
 [11.3137,11.4018)
 [11.3137,12.2066)
 [11.3137,11.4018)
 [11.3137,11.4018)
 [11.3137,12.53)
 [11.3137,12.53)
 [11.3137,11.4018)
 [11.3137,11.4018)
 [11.3137,12.8062)
 [11.3137,13.0384)
 [11.3137,11.4018)
 [11.3137,13.0384)
 [11.3137,11.4018)
 [11.3137,13.4164)
 [1.41421,22.1359)
