 [35.7351,36.4006)
 [27,27.0185)
 [27,27.0185)
 [27,27.0185)
 [27,27.0185)
 [27,27.0185)
 [27,27.0185)
 [27,27.0185)
 [27,27.0185)
 [27,27.0185)
 [27,27.0185)
 [27,27.0185)
 [27,27.0185)
 [27,27.0185)
 [27,27.0185)
 [27,27.0185)
 [27,27.0185)
 [25.7099,25.9422)
 [25.0799,27.0185)
 [25,25.02)
 [25,25.02)
 [25,25.02)
 [25,25.9422)
 [25,25.02)
 [25,25.02)
 [25,25.02)
 [25,25.02)
 [25,25.02)
 [25,25.02)
 [24.7386,25)
 [24.0832,24.3516)
 [24.0832,24.6982)
 [24.0208,25)
 [24,24.0208)
 [23,23.0217)
 [23,23.0217)
 [23,23.0217)
 [22.561,23)
 [22.2036,23)
 [22,22.0227)
 [22,22.0227)
 [22,22.0227)
 [22,22.0227)
 [22,22.0227)
 [22,22.0227)
 [21.8403,22)
 [21.8403,23)
 [21.587,22.0227)
 [21,21.0238)
 [21,21.0238)
 [21,21.0238)
 [20.2237,23.0217)
 [20.2237,25.2982)
 [17,17.0294)
 [17,17.0294)
 [17,17.0294)
 [17,17.0294)
 [17,17.0294)
 [17,17.0294)
 [17,17.0294)
 [17,17.0294)
 [17,17.0294)
 [17,17.0294)
 [17,17.0294)
 [17,24)
 [16.7631,18)
 [16.7631,17.0294)
 [16,16.7631)
 [15,15.0333)
 [15,15.0333)
 [15,15.0333)
 [15,15.0333)
 [15,15.0333)
 [15,15.0333)
 [15,15.0333)
 [15,15.0333)
 [15,15.0333)
 [15,15.0333)
 [15,15.0333)
 [15,15.0333)
 [15,15.0333)
 [15,15.0333)
 [15,15.0333)
 [15,15.0333)
 [15,15.0333)
 [13,13.0384)
 [13,13.0384)
 [13,13.0384)
 [13,13.0384)
 [13,13.0384)
 [13,13.0384)
 [13,13.0384)
 [13,13.0384)
 [13,13.0384)
 [13,13.0384)
 [13,13.0384)
 [13,13.0384)
 [13,13.0384)
 [13,13.0384)
 [13,13.0384)
 [13,13.0384)
 [13,13.0384)
 [13,13.0384)
 [13,13.0384)
 [13,13.0384)
 [13,13.0384)
 [13,13.0384)
 [13,13.0384)
 [13,13.0384)
 [13,13.0384)
 [13,13.0384)
 [13,13.0384)
 [13,13.0384)
 [13,13.0384)
 [13,13.0384)
 [13,13.0384)
 [13,13.0384)
 [13,13.0384)
 [13,13.0384)
 [13,13.0384)
 [13,13.0384)
 [13,13.0384)
 [13,13.0384)
 [13,13.0384)
 [13,13.0384)
 [13,13.0384)
 [13,13.0384)
 [13,13.0384)
 [13,13.0384)
 [13,13.0384)
 [13,13.0384)
 [13,13.0384)
 [13,13.0384)
 [13,13.0384)
 [13,13.0384)
 [13,13.0384)
 [13,13.0384)
 [13,13.0384)
 [13,13.0384)
 [13,13.0384)
 [13,13.0384)
 [13,13.0384)
 [13,13.0384)
 [13,13.0384)
 [13,13.0384)
 [13,13.0384)
 [13,13.0384)
 [13,13.0384)
 [13,13.0384)
 [13,13.0384)
 [13,13.0384)
 [13,13.0384)
 [13,13.0384)
 [13,13.0384)
 [13,13.0384)
 [13,13.0384)
 [13,13.0384)
 [13,13.0384)
 [13,13.0384)
 [13,13.0384)
 [13,13.0384)
 [13,13.0384)
 [13,13.0384)
 [13,13.0384)
 [13,13.0384)
 [13,13.0384)
 [13,13.0384)
 [13,13.0384)
 [13,13.0384)
 [13,13.0384)
 [13,13.0384)
 [13,13.0384)
 [13,13.0384)
 [13,13.0384)
 [13,13.0384)
 [13,13.0384)
 [13,13.0384)
 [13,13.0384)
 [13,13.0384)
 [13,13.0384)
 [13,13.0384)
 [12.6491,13)
 [12.6491,13)
 [12.6491,13)
 [12.6491,13)
 [12.6491,13.0384)
 [12.6491,13.0384)
 [12.6491,13.0384)
 [12.6491,13.0384)
 [12.6491,13)
 [12.6491,13)
 [12.6491,13.0384)
 [12.53,13.0384)
 [12.3693,13)
 [12.3693,13)
 [12.3693,13)
 [12.3693,13)
 [12.3693,13)
 [12.3693,13.0384)
 [12.0416,13.0384)
 [11.4018,13.0384)
 [11.4018,13.0384)
 [11.4018,12.083)
 [11.4018,12.083)
 [11.4018,12.0416)
 [11.4018,12.0416)
 [9.48683,12.6491)
 [9.48683,13.0384)
 [1.41421,43.8292)
