 [66.6108,67.2681)
 [66.3702,68)
 [66.2873,66.7308)
 [63,63.0079)
 [63,63.0079)
 [63,63.0079)
 [63,63.0079)
 [63,63.0079)
 [63,63.0079)
 [63,63.0079)
 [62,62.0081)
 [62,62.0081)
 [62,62.0081)
 [62,62.0081)
 [62,62.0081)
 [62,62.0081)
 [62,62.0081)
 [62,62.0081)
 [62,62.0081)
 [54.3323,55)
 [40,40.0125)
 [40,40.0125)
 [40,40.0125)
 [40,40.0125)
 [40,40.0125)
 [40,40.0125)
 [40,40.0125)
 [40,40.0125)
 [39,39.0128)
 [39,39.0128)
 [39,39.0128)
 [39,39.0128)
 [39,39.0128)
 [39,39.0128)
 [39,39.0128)
 [39,39.0128)
 [39,39.0128)
 [39,39.0128)
 [39,39.0128)
 [39,39.0128)
 [39,39.0128)
 [39,39.0128)
 [39,39.0128)
 [39,39.0128)
 [39,39.0128)
 [39,40.0125)
 [39,39.0128)
 [39,39.0128)
 [39,39.0128)
 [39,39.0128)
 [39,39.0128)
 [39,39.0128)
 [39,39.0128)
 [39,39.0128)
 [39,39.0128)
 [39,39.0128)
 [39,39.0128)
 [39,39.0128)
 [39,39.0128)
 [39,39.0128)
 [39,39.0128)
 [39,39.0128)
 [39,39.0128)
 [39,39.0128)
 [39,39.0128)
 [38,38.0132)
 [38,38.0132)
 [38,38.0132)
 [38,38.0132)
 [38,38.0132)
 [38,38.0132)
 [38,38.0132)
 [38,38.0132)
 [38,38.0132)
 [38,38.0132)
 [38,38.0132)
 [37.3631,39.0128)
 [33.9559,34.8855)
 [32,32.0156)
 [32,32.0156)
 [32,32.0156)
 [32,32.0156)
 [32,32.0156)
 [32,32.0156)
 [32,34.7131)
 [31,31.0161)
 [31,31.0161)
 [31,31.0161)
 [30.5941,31)
 [30.5941,30.8707)
 [30.2655,30.6757)
 [29.6142,31)
 [29,29.0172)
 [29,29.0172)
 [29,29.0172)
 [29,29.0172)
 [29,29.0172)
 [29,29.0172)
 [29,29.0172)
 [29,29.0172)
 [29,29.0172)
 [29,29.0172)
 [29,29.0172)
 [29,29.0172)
 [29,29.0172)
 [29,29.0172)
 [29,29.0172)
 [29,29.0172)
 [28.2843,30)
 [28,28.0179)
 [28,28.0179)
 [28,28.0179)
 [28,28.0179)
 [28,28.0179)
 [28,28.0179)
 [28,28.0179)
 [28,28.0179)
 [28,28.0179)
 [28,28.0179)
 [28,28.0179)
 [28,28.0179)
 [28,28.0179)
 [28,28.0179)
 [28,28.0179)
 [28,28.6531)
 [27.0185,27.313)
 [27,27.0185)
 [27,27.0185)
 [27,27.0185)
 [27,28.0179)
 [26.5707,26.9258)
 [26,26.0192)
 [26,32.0156)
 [26,26.0192)
 [23,23.0217)
 [23,23.0217)
 [23,23.0217)
 [23,23.0217)
 [23,23.0217)
 [23,23.0217)
 [22,22.0227)
 [22,22.0227)
 [22,22.0227)
 [22,22.0227)
 [22,22.0227)
 [22,22.0227)
 [22,22.0227)
 [22,22.0227)
 [22,22.0227)
 [22,22.0227)
 [22,22.0227)
 [22,22.0227)
 [22,22.0227)
 [22,22.0227)
 [22,22.0227)
 [22,22.0227)
 [22,22.0227)
 [22,22.0227)
 [22,22.0227)
 [22,22.0227)
 [22,22.0227)
 [22,22.0227)
 [22,22.0227)
 [22,22.0227)
 [22,22.0227)
 [22,22.0227)
 [22,22.0227)
 [22,22.0227)
 [22,22.0227)
 [22,22.0227)
 [22,22.0227)
 [22,22.0227)
 [22,22.0227)
 [22,22.0227)
 [22,22.0227)
 [22,22.0227)
 [22,22.0227)
 [22,22.0227)
 [22,22.0227)
 [22,22.0227)
 [22,22.0227)
 [22,22.0227)
 [22,22.0227)
 [22,22.0227)
 [22,22.0227)
 [22,22.0227)
 [22,22.0227)
 [22,22.0227)
 [22,22.0227)
 [22,22.0227)
 [22,22.0227)
 [22,22.0227)
 [22,22.0227)
 [22,22.0227)
 [22,22.0227)
 [22,22.0227)
 [22,22.0227)
 [22,22.0227)
 [22,22.0227)
 [22,22.0227)
 [22,22.0227)
 [22,22.0227)
 [22,22.0227)
 [22,22.0227)
 [22,22.0227)
 [22,22.0227)
 [22,22.0227)
 [22,22.0227)
 [22,22.0227)
 [22,22.0227)
 [22,22.0227)
 [22,22.0227)
 [22,22.0227)
 [22,22.0227)
 [22,22.0227)
 [22,22.0227)
 [22,22.0227)
 [22,22.0227)
 [22,22.0227)
 [22,22.0227)
 [22,22.0227)
 [22,22.0227)
 [22,22.0227)
 [22,22.0227)
 [22,22.0227)
 [22,22.0227)
 [22,22.0227)
 [22,22.0227)
 [22,22.0227)
 [22,22.0227)
 [22,22.0227)
 [22,22.0227)
 [22,22.0227)
 [22,22.0227)
 [22,22.0227)
 [22,22.0227)
 [22,22.0227)
 [22,22.0227)
 [22,22.0227)
 [22,22.0227)
 [22,22.0227)
 [22,22.0227)
 [22,22.0227)
 [22,22.0227)
 [22,22.0227)
 [22,22.0227)
 [22,22.0227)
 [22,22.0227)
 [22,22.0227)
 [22,22.0227)
 [22,22.0227)
 [22,22.0227)
 [22,22.0227)
 [22,22.0227)
 [22,22.0227)
 [22,22.0227)
 [22,22.0227)
 [22,22.0227)
 [22,22.0227)
 [22,22.0227)
 [22,22.0227)
 [22,22.0227)
 [22,22.0227)
 [22,22.0227)
 [21.9317,22.0227)
 [21.2132,21.2603)
 [21.2132,21.2603)
 [21.2132,22.1359)
 [21.095,21.2132)
 [21.095,21.1896)
 [21,21.0238)
 [21,21.0238)
 [21,21.0238)
 [21,21.0238)
 [21,21.0238)
 [21,21.0238)
 [21,21.0238)
 [21,21.0238)
 [21,21.0238)
 [21,21.8403)
 [21,21.0238)
 [21,21.0238)
 [21,21.0238)
 [21,21.0238)
 [21,21.0238)
 [21,21.0238)
 [21,21.0238)
 [21,21.0238)
 [21,21.0238)
 [21,21.0238)
 [21,21.0238)
 [21,21.0238)
 [21,21.0238)
 [21,21.0238)
 [21,21.0238)
 [21,21.0238)
 [21,21.0238)
 [21,21.0238)
 [21,21.0238)
 [21,21.0238)
 [21,21.0238)
 [21,21.0238)
 [21,21.0238)
 [21,21.0238)
 [21,21.0238)
 [21,21.0238)
 [21,21.0238)
 [21,21.0238)
 [21,21.0238)
 [21,21.0238)
 [21,21.0238)
 [21,21.0238)
 [21,21.0238)
 [21,21.0238)
 [21,21.0238)
 [21,21.0238)
 [21,21.0238)
 [21,21.0238)
 [21,21.0238)
 [21,21.0238)
 [21,21.0238)
 [21,21.0238)
 [21,21.0238)
 [21,21.0238)
 [21,21.0238)
 [21,21.0238)
 [21,21.0238)
 [21,21.0238)
 [21,21.0238)
 [21,21.0238)
 [21,21.0238)
 [21,21.0238)
 [21,21.0238)
 [21,21.0238)
 [21,21.0238)
 [21,21.0238)
 [21,21.0238)
 [21,21.0238)
 [21,21.0238)
 [21,21.0238)
 [21,21.0238)
 [21,21.0238)
 [21,21.0238)
 [21,21.0238)
 [21,21.0238)
 [21,21.0238)
 [21,21.0238)
 [21,21.0238)
 [21,21.0238)
 [21,21.0238)
 [21,21.0238)
 [21,21.0238)
 [21,21.0238)
 [21,21.0238)
 [21,21.0238)
 [21,21.0238)
 [21,21.0238)
 [21,21.0238)
 [21,21.0238)
 [21,21.0238)
 [21,21.0238)
 [21,21.0238)
 [21,21.0238)
 [21,21.0238)
 [21,21.0238)
 [21,21.0238)
 [21,21.0238)
 [21,21.0238)
 [21,21.0238)
 [21,21.0238)
 [21,21.0238)
 [21,21.0238)
 [21,21.0238)
 [21,21.0238)
 [21,21.0238)
 [21,21.0238)
 [21,21.0238)
 [21,21.0238)
 [21,21.0238)
 [21,21.0238)
 [21,21.0238)
 [21,21.0238)
 [21,21.0238)
 [21,21.0238)
 [21,21.0238)
 [21,21.0238)
 [21,21.0238)
 [21,21.0238)
 [21,21.0238)
 [21,21.0238)
 [21,21.0238)
 [21,21.0238)
 [21,21.0238)
 [21,21.0238)
 [21,21.0238)
 [21,21.0238)
 [21,22.0227)
 [20.8806,21.0238)
 [20.8806,22)
 [20.8806,21.0238)
 [20.8806,21.0238)
 [20.8806,21.0238)
 [20.8806,21.0238)
 [20.8806,21.0238)
 [20.8806,22)
 [20.8806,21.0238)
 [20.8806,21.6333)
 [20.8806,21.0238)
 [20.8806,21.0238)
 [20.8806,21)
 [20.8806,21.0238)
 [20.8806,21.0238)
 [20.8806,21.6333)
 [20.8087,21.0238)
 [20.6155,22)
 [20.6155,22)
 [20.6155,21.0238)
 [20.6155,22)
 [20.6155,22)
 [20.6155,22.0227)
 [20.6155,21.0238)
 [20.6155,22)
 [20.5913,20.6155)
 [20.5183,21.0238)
 [20.2485,22.0227)
 [20.1246,20.2485)
 [20,20.6155)
 [20,21.2132)
 [20,21.0238)
 [20,20.1246)
 [19.9249,22)
 [19.9249,21.2132)
 [19.9249,22.0227)
 [19.799,19.8494)
 [19.799,21.2132)
 [19.6469,22.0227)
 [18,18.0278)
 [18,18.0278)
 [18,18.0278)
 [14.0357,22.0227)
