 [51.788,52)
 [46.3249,46.5296)
 [45.5412,46)
 [45.0444,46.0977)
 [43.4626,43.7379)
 [40.2616,40.3113)
 [39.8497,40)
 [38.8973,39.4588)
 [38.833,38.8973)
 [38.6394,39)
 [38.6394,38.8973)
 [38.3275,39.2938)
 [38.0789,39.5601)
 [38.0789,38.2099)
 [37.855,37.9473)
 [37.855,38.3275)
 [37.4833,46.9574)
 [34.3657,38.4187)
 [30.8058,31)
 [30.8058,31.0161)
 [30.4138,32.311)
 [23.0868,36)
 [21.2132,21.5407)
 [21.0238,21.5407)
 [21.0238,21.9317)
 [21,21.0238)
 [21,21.0238)
 [21,21.0238)
 [21,21.0238)
 [21,21.0238)
 [21,21.0238)
 [21,22)
 [20.6155,21)
 [20.6155,21)
 [20.3961,22)
 [20.2237,20.2485)
 [20,20.025)
 [20,20.025)
 [20,21.3776)
 [19.9249,21)
 [18.9737,19)
 [18.4391,19)
 [18.2483,19)
 [18.2483,19.2354)
 [18.2483,19)
 [18.2483,19)
 [18.0278,28.6356)
 [18,18.0278)
 [18,18.7883)
 [18,18.0278)
 [17.6918,17.8045)
 [17.6918,22.4722)
 [17.4642,18)
 [17,17.0294)
 [17,17.0294)
 [17,17.0294)
 [17,17.0294)
 [17,17.0294)
 [17,17.0294)
 [16.1245,20)
 [15,15.0333)
 [15,15.0333)
 [15,15.0333)
 [15,15.0333)
 [15,15.0333)
 [15,15.0333)
 [15,15.0333)
 [15,15.0333)
 [15,15.0333)
 [15,15.0333)
 [15,15.0333)
 [15,15.0333)
 [15,15.0333)
 [15,15.0333)
 [15,15.0333)
 [15,15.0333)
 [15,15.0333)
 [15,15.0333)
 [15,15.0333)
 [15,15.0333)
 [15,15.0333)
 [15,15.0333)
 [15,15.0333)
 [15,15.0333)
 [15,15.0333)
 [15,15.0333)
 [15,15.0333)
 [15,15.0333)
 [15,15.0333)
 [15,15.0333)
 [15,15.0333)
 [15,15.0333)
 [15,15.0333)
 [15,15.0333)
 [15,15.0333)
 [15,15.0333)
 [15,15.0333)
 [15,15.0333)
 [15,15.0333)
 [15,15.0333)
 [14.8661,15.0333)
 [14.5602,15)
 [14.5602,15)
 [14.5602,15)
 [14.5602,15.0333)
 [14.5602,15.0333)
 [14.5602,15)
 [14.5602,15)
 [14.5602,15)
 [14.5602,15)
 [14.5602,15.0333)
 [14.5602,15.0333)
 [14.5602,15.0333)
 [14.3178,15.0333)
 [14.3178,15)
 [14.3178,14.7648)
 [14.3178,15.0333)
 [14.3178,15.0333)
 [14.3178,14.7648)
 [14.3178,15)
 [14.3178,15)
 [14.3178,15)
 [14.3178,15.0333)
 [14.3178,15)
 [14.3178,15)
 [14.3178,15.0333)
 [14.3178,15)
 [14.3178,15)
 [14.3178,15)
 [14.3178,15.0333)
 [14.3178,14.7648)
 [13.6015,14)
 [13.3417,15.0333)
 [13.3417,15.0333)
 [13.3417,14.7648)
 [13.3417,15.0333)
 [13.3417,13.4164)
 [13.3417,14.1421)
 [13.0384,16.1245)
 [13,13.0384)
 [13,13.0384)
 [13,13.0384)
 [13,15.0333)
 [1.41421,52)
