 [80,80.0062)
 [78.0897,84.1724)
 [52.9528,53.0094)
 [52.7731,53.0377)
 [52.7731,53.0377)
 [52.6118,52.6308)
 [52.6118,53.0848)
 [51.788,51.8652)
 [50.9902,51)
 [50.636,50.6952)
 [50.636,50.6952)
 [50.3587,50.9608)
 [50.3587,50.6952)
 [50.2195,50.2494)
 [50.01,50.2892)
 [50.01,50.2892)
 [50.01,50.0899)
 [50.01,50.9608)
 [50,50.04)
 [50,50.3289)
 [49.8197,50)
 [49.8197,50.6952)
 [49.7293,50)
 [49.4975,50)
 [49.4773,50.0899)
 [49.2443,49.2544)
 [49.2443,49.2544)
 [49.2443,49.366)
 [49.2443,50)
 [48.5077,49)
 [48.5077,49)
 [48.5077,49.3356)
 [48.5077,48.6621)
 [48.5077,49.0408)
 [48.2701,51.0392)
 [48.0833,48.1041)
 [48.0521,49.0408)
 [48.0521,48.2597)
 [48.0521,49)
 [47.8539,48.4665)
 [47.8539,51.0882)
 [47.676,47.8017)
 [47.3814,47.5395)
 [47.0744,47.0956)
 [46.6905,46.8402)
 [46.5296,54)
 [1.41421,88.3912)
