 [39.0512,39.1152)
 [39.0512,39.1152)
 [38.833,39.0512)
 [38.833,39.0512)
 [38.833,39.1152)
 [38.6394,38.8973)
 [38.6394,38.8973)
 [38.6394,39.0128)
 [38.4708,38.6005)
 [38.4708,38.6005)
 [38.4708,38.8973)
 [38.3275,38.6005)
 [35.6931,35.7351)
 [31.1448,31.3209)
 [31.1448,31.3209)
 [31.0483,31.0644)
 [31.0483,31.0644)
 [30.8058,31.0161)
 [30.8058,31.0161)
 [30.8058,31.0161)
 [30.5941,31)
 [30.5941,31)
 [30.4138,31)
 [30.2655,30.6757)
 [30.2655,30.6757)
 [30.2655,30.6757)
 [30.1496,30.3645)
 [30.1496,30.3645)
 [30.1496,30.3645)
 [30.0666,30.0832)
 [30.0666,30.0832)
 [30.0666,30.0832)
 [29.8329,30.0167)
 [29.8329,30.0167)
 [29.8329,30)
 [29.4279,30)
 [29.4279,30)
 [29.4279,30)
 [29.2746,29.7321)
 [29.2746,29.7321)
 [29.1548,29.4109)
 [29.1548,29.4109)
 [29.1548,29.4109)
 [29.0689,29.1204)
 [29.0689,29.1204)
 [29.0689,29.1204)
 [28.8617,29.0172)
 [28.8617,29.0172)
 [28.8617,29)
 [28.6356,29)
 [28.4429,29)
 [28.4429,29)
 [1.41421,39.1152)
