 [29,29.0172)
 [29,29.0172)
 [29,29.0172)
 [28.8617,29.0172)
 [27,27.0185)
 [25.4951,26)
 [25.02,26)
 [25.02,26.0192)
 [25.02,26.0192)
 [25,25.02)
 [25,25.02)
 [25,25.02)
 [25,25.02)
 [25,25.02)
 [25,25.02)
 [25,25.02)
 [25,25.02)
 [25,25.02)
 [25,25.02)
 [25,25.02)
 [25,25.02)
 [25,25.02)
 [25,25.02)
 [25,25.02)
 [25,25.02)
 [25,25.02)
 [25,25.02)
 [25,25.02)
 [25,25.02)
 [25,25.02)
 [25,25.02)
 [25,25.02)
 [25,25.02)
 [25,25.02)
 [25,25.02)
 [25,25.02)
 [25,25.02)
 [25,25.02)
 [25,25.02)
 [25,25.02)
 [25,25.02)
 [25,25.02)
 [25,25.02)
 [25,25.02)
 [25,25.02)
 [25,25.02)
 [25,25.02)
 [25,25.02)
 [25,25.02)
 [25,25.02)
 [25,25.02)
 [25,25.02)
 [25,25.02)
 [25,25.02)
 [25,25.02)
 [25,25.02)
 [25,25.02)
 [25,25.02)
 [25,25.02)
 [25,25.02)
 [25,25.02)
 [25,25.2982)
 [25,25.02)
 [25,25.02)
 [25,25.02)
 [25,25.02)
 [25,25.02)
 [25,25.2982)
 [25,25.02)
 [25,25.02)
 [25,26)
 [25,25.02)
 [25,25.632)
 [25,25.02)
 [25,25.02)
 [25,25.02)
 [25,25.02)
 [25,25.02)
 [25,25.02)
 [25,25.02)
 [25,26)
 [25,25.02)
 [25,25.02)
 [25,25.02)
 [25,26)
 [24.7386,25.02)
 [24.7386,25.02)
 [24.5153,25.2982)
 [24.3311,25)
 [24.3311,25.02)
 [24.3311,25.2982)
 [24.0832,25.02)
 [24.0208,26.0192)
 [1.41421,29.7321)
