85.000000 387.000000
28.000000 105.000000
28.000000 114.000000
27.000000 245.000000
27.000000 137.000000
26.000000 324.000000
134.000000 379.000000
137.000000 354.000000
35.000000 380.000000
140.000000 144.000000
46.000000 20.000000
43.000000 16.000000
27.000000 237.000000
30.000000 24.000000
58.000000 72.000000
109.000000 386.000000
140.000000 198.000000
139.000000 110.000000
29.000000 39.000000
101.000000 71.000000
108.000000 386.000000
27.000000 220.000000
140.000000 188.000000
137.000000 373.000000
28.000000 72.000000
124.000000 385.000000
137.000000 334.000000
27.000000 204.000000
48.000000 30.000000
107.000000 386.000000
105.000000 71.000000
140.000000 136.000000
140.000000 185.000000
27.000000 225.000000
25.000000 361.000000
27.000000 138.000000
27.000000 199.000000
48.000000 66.000000
27.000000 180.000000
29.000000 41.000000
139.000000 294.000000
137.000000 343.000000
137.000000 329.000000
26.000000 341.000000
28.000000 66.000000
138.000000 308.000000
30.000000 23.000000
27.000000 259.000000
26.000000 345.000000
27.000000 223.000000
111.000000 71.000000
27.000000 140.000000
27.000000 84.000000
41.000000 381.000000
30.000000 22.000000
27.000000 275.000000
36.000000 380.000000
28.000000 121.000000
48.000000 38.000000
27.000000 202.000000
140.000000 246.000000
137.000000 364.000000
47.000000 24.000000
28.000000 153.000000
100.000000 71.000000
140.000000 258.000000
28.000000 375.000000
37.000000 381.000000
64.000000 71.000000
48.000000 39.000000
129.000000 81.000000
28.000000 148.000000
29.000000 37.000000
26.000000 306.000000
48.000000 41.000000
140.000000 186.000000
27.000000 262.000000
48.000000 63.000000
28.000000 110.000000
27.000000 232.000000
140.000000 137.000000
26.000000 308.000000
29.000000 43.000000
28.000000 75.000000
46.000000 21.000000
34.000000 379.000000
140.000000 183.000000
140.000000 194.000000
108.000000 71.000000
27.000000 269.000000
74.000000 70.000000
27.000000 215.000000
137.000000 348.000000
140.000000 153.000000
72.000000 385.000000
63.000000 71.000000
138.000000 99.000000
28.000000 206.000000
27.000000 231.000000
140.000000 197.000000
139.000000 207.000000
138.000000 95.000000
31.000000 19.000000
27.000000 83.000000
119.000000 386.000000
115.000000 73.000000
139.000000 270.000000
110.000000 387.000000
27.000000 163.000000
29.000000 34.000000
33.000000 379.000000
48.000000 25.000000
133.000000 380.000000
27.000000 273.000000
140.000000 262.000000
27.000000 258.000000
140.000000 242.000000
138.000000 301.000000
137.000000 341.000000
26.000000 96.000000
139.000000 232.000000
140.000000 176.000000
140.000000 184.000000
139.000000 284.000000
26.000000 372.000000
91.000000 70.000000
26.000000 92.000000
122.000000 385.000000
129.000000 383.000000
139.000000 125.000000
25.000000 362.000000
27.000000 184.000000
140.000000 164.000000
25.000000 359.000000
138.000000 306.000000
96.000000 70.000000
27.000000 134.000000
139.000000 234.000000
137.000000 342.000000
28.000000 55.000000
86.000000 70.000000
137.000000 357.000000
42.000000 16.000000
29.000000 30.000000
30.000000 26.000000
137.000000 362.000000
48.000000 58.000000
27.000000 261.000000
28.000000 113.000000
27.000000 277.000000
25.000000 357.000000
48.000000 52.000000
28.000000 74.000000
139.000000 235.000000
97.000000 386.000000
140.000000 182.000000
139.000000 268.000000
114.000000 387.000000
137.000000 345.000000
29.000000 42.000000
139.000000 128.000000
123.000000 385.000000
139.000000 210.000000
139.000000 292.000000
27.000000 190.000000
28.000000 64.000000
26.000000 294.000000
28.000000 102.000000
27.000000 136.000000
140.000000 143.000000
28.000000 58.000000
26.000000 309.000000
25.000000 364.000000
27.000000 85.000000
140.000000 165.000000
48.000000 64.000000
27.000000 176.000000
133.000000 85.000000
139.000000 263.000000
50.000000 71.000000
26.000000 335.000000
140.000000 251.000000
26.000000 301.000000
139.000000 106.000000
28.000000 48.000000
132.000000 381.000000
26.000000 300.000000
27.000000 161.000000
87.000000 387.000000
29.000000 44.000000
137.000000 319.000000
28.000000 106.000000
28.000000 69.000000
27.000000 212.000000
139.000000 296.000000
140.000000 252.000000
95.000000 387.000000
103.000000 71.000000
28.000000 103.000000
29.000000 32.000000
