168.000000 387.000000
32.000000 172.000000
31.000000 372.000000
37.000000 42.000000
165.000000 259.000000
168.000000 193.000000
87.000000 442.000000
168.000000 197.000000
34.000000 295.000000
167.000000 220.000000
166.000000 162.000000
31.000000 235.000000
168.000000 362.000000
33.000000 248.000000
32.000000 344.000000
114.000000 85.000000
107.000000 442.000000
141.000000 89.000000
57.000000 37.000000
32.000000 324.000000
37.000000 49.000000
31.000000 203.000000
167.000000 209.000000
57.000000 72.000000
116.000000 85.000000
31.000000 208.000000
32.000000 391.000000
32.000000 219.000000
166.000000 244.000000
122.000000 443.000000
32.000000 343.000000
168.000000 198.000000
149.000000 95.000000
33.000000 403.000000
33.000000 158.000000
89.000000 85.000000
31.000000 369.000000
166.000000 291.000000
37.000000 52.000000
165.000000 255.000000
31.000000 228.000000
71.000000 85.000000
35.000000 134.000000
31.000000 231.000000
57.000000 44.000000
31.000000 350.000000
166.000000 292.000000
33.000000 251.000000
37.000000 51.000000
88.000000 85.000000
166.000000 151.000000
35.000000 140.000000
34.000000 299.000000
136.000000 443.000000
57.000000 75.000000
167.000000 218.000000
35.000000 274.000000
37.000000 82.000000
57.000000 68.000000
32.000000 332.000000
168.000000 328.000000
167.000000 234.000000
98.000000 85.000000
168.000000 373.000000
169.000000 356.000000
57.000000 39.000000
32.000000 238.000000
167.000000 236.000000
36.000000 429.000000
167.000000 178.000000
35.000000 281.000000
37.000000 65.000000
34.000000 260.000000
166.000000 154.000000
32.000000 389.000000
52.000000 441.000000
34.000000 297.000000
32.000000 334.000000
169.000000 352.000000
168.000000 327.000000
70.000000 85.000000
31.000000 363.000000
148.000000 94.000000
79.000000 442.000000
150.000000 442.000000
167.000000 226.000000
35.000000 424.000000
47.000000 441.000000
163.000000 428.000000
37.000000 40.000000
72.000000 442.000000
62.000000 88.000000
77.000000 85.000000
31.000000 353.000000
32.000000 169.000000
33.000000 149.000000
134.000000 85.000000
165.000000 256.000000
169.000000 335.000000
168.000000 395.000000
158.000000 104.000000
168.000000 394.000000
160.000000 108.000000
169.000000 347.000000
53.000000 441.000000
165.000000 285.000000
35.000000 121.000000
35.000000 425.000000
57.000000 81.000000
31.000000 233.000000
31.000000 366.000000
167.000000 233.000000
32.000000 331.000000
33.000000 405.000000
91.000000 442.000000
32.000000 345.000000
33.000000 163.000000
167.000000 402.000000
32.000000 195.000000
32.000000 338.000000
33.000000 155.000000
167.000000 302.000000
34.000000 259.000000
152.000000 442.000000
37.000000 32.000000
167.000000 232.000000
32.000000 333.000000
166.000000 241.000000
169.000000 346.000000
167.000000 211.000000
107.000000 85.000000
167.000000 190.000000
167.000000 305.000000
165.000000 143.000000
165.000000 264.000000
163.000000 134.000000
33.000000 166.000000
34.000000 143.000000
167.000000 168.000000
49.000000 26.000000
37.000000 50.000000
148.000000 442.000000
169.000000 342.000000
128.000000 443.000000
57.000000 45.000000
162.000000 127.000000
35.000000 119.000000
37.000000 83.000000
162.000000 431.000000
123.000000 85.000000
167.000000 404.000000
165.000000 150.000000
32.000000 237.000000
32.000000 321.000000
37.000000 432.000000
68.000000 86.000000
35.000000 136.000000
167.000000 210.000000
32.000000 217.000000
106.000000 442.000000
34.000000 257.000000
36.000000 430.000000
166.000000 153.000000
167.000000 407.000000
167.000000 229.000000
34.000000 290.000000
145.000000 442.000000
164.000000 425.000000
167.000000 419.000000
34.000000 258.000000
47.000000 26.000000
167.000000 177.000000
146.000000 92.000000
159.000000 437.000000
69.000000 86.000000
169.000000 345.000000
86.000000 442.000000
33.000000 309.000000
119.000000 85.000000
167.000000 181.000000
31.000000 202.000000
32.000000 381.000000
37.000000 84.000000
97.000000 442.000000
35.000000 125.000000
34.000000 412.000000
34.000000 107.000000
168.000000 336.000000
164.000000 140.000000
35.000000 283.000000
35.000000 275.000000
168.000000 386.000000
31.000000 234.000000
34.000000 100.000000
168.000000 192.000000
160.000000 434.000000
169.000000 357.000000
88.000000 442.000000
165.000000 281.000000
162.000000 120.000000
