165.000000 202.000000
50.000000 30.000000
101.000000 92.000000
43.000000 226.000000
74.000000 93.000000
44.000000 272.000000
157.000000 440.000000
167.000000 383.000000
165.000000 128.000000
55.000000 441.000000
43.000000 302.000000
167.000000 384.000000
167.000000 371.000000
136.000000 440.000000
45.000000 374.000000
167.000000 394.000000
41.000000 96.000000
45.000000 424.000000
42.000000 134.000000
167.000000 325.000000
84.000000 92.000000
45.000000 425.000000
43.000000 88.000000
51.000000 29.000000
97.000000 440.000000
159.000000 104.000000
166.000000 234.000000
167.000000 307.000000
45.000000 385.000000
44.000000 350.000000
159.000000 103.000000
167.000000 190.000000
167.000000 429.000000
43.000000 248.000000
167.000000 189.000000
167.000000 400.000000
43.000000 217.000000
42.000000 143.000000
152.000000 97.000000
167.000000 295.000000
62.000000 42.000000
43.000000 223.000000
93.000000 440.000000
42.000000 140.000000
45.000000 426.000000
43.000000 216.000000
165.000000 165.000000
44.000000 55.000000
42.000000 115.000000
44.000000 269.000000
114.000000 440.000000
167.000000 339.000000
164.000000 125.000000
167.000000 191.000000
165.000000 156.000000
43.000000 213.000000
44.000000 41.000000
165.000000 161.000000
43.000000 215.000000
42.000000 137.000000
94.000000 92.000000
166.000000 274.000000
43.000000 315.000000
42.000000 130.000000
43.000000 237.000000
167.000000 347.000000
43.000000 174.000000
43.000000 316.000000
167.000000 212.000000
64.000000 75.000000
78.000000 440.000000
78.000000 93.000000
168.000000 187.000000
42.000000 135.000000
123.000000 440.000000
165.000000 145.000000
91.000000 440.000000
44.000000 71.000000
165.000000 168.000000
45.000000 393.000000
162.000000 109.000000
165.000000 201.000000
63.000000 440.000000
165.000000 133.000000
118.000000 440.000000
149.000000 95.000000
42.000000 110.000000
44.000000 40.000000
167.000000 227.000000
167.000000 323.000000
167.000000 301.000000
167.000000 391.000000
166.000000 237.000000
116.000000 91.000000
63.000000 53.000000
43.000000 340.000000
165.000000 131.000000
43.000000 301.000000
43.000000 209.000000
44.000000 354.000000
167.000000 353.000000
54.000000 441.000000
167.000000 434.000000
167.000000 327.000000
82.000000 92.000000
64.000000 80.000000
167.000000 415.000000
97.000000 92.000000
165.000000 164.000000
43.000000 190.000000
44.000000 263.000000
42.000000 104.000000
151.000000 440.000000
150.000000 95.000000
43.000000 284.000000
167.000000 404.000000
45.000000 430.000000
167.000000 288.000000
43.000000 221.000000
43.000000 294.000000
167.000000 409.000000
118.000000 91.000000
98.000000 440.000000
154.000000 440.000000
47.000000 438.000000
42.000000 151.000000
167.000000 366.000000
142.000000 440.000000
95.000000 440.000000
167.000000 321.000000
153.000000 440.000000
167.000000 290.000000
41.000000 97.000000
158.000000 102.000000
167.000000 418.000000
166.000000 265.000000
44.000000 256.000000
45.000000 376.000000
43.000000 280.000000
54.000000 29.000000
62.000000 43.000000
43.000000 182.000000
42.000000 126.000000
117.000000 440.000000
165.000000 439.000000
43.000000 327.000000
43.000000 289.000000
43.000000 207.000000
45.000000 375.000000
167.000000 369.000000
166.000000 241.000000
120.000000 440.000000
64.000000 68.000000
43.000000 319.000000
167.000000 333.000000
44.000000 273.000000
53.000000 440.000000
165.000000 167.000000
168.000000 188.000000
166.000000 233.000000
166.000000 254.000000
42.000000 125.000000
44.000000 310.000000
167.000000 399.000000
85.000000 92.000000
45.000000 408.000000
96.000000 92.000000
42.000000 155.000000
166.000000 253.000000
167.000000 355.000000
79.000000 440.000000
121.000000 440.000000
43.000000 89.000000
156.000000 100.000000
167.000000 362.000000
42.000000 160.000000
167.000000 403.000000
167.000000 375.000000
139.000000 440.000000
45.000000 390.000000
166.000000 260.000000
147.000000 94.000000
43.000000 242.000000
165.000000 146.000000
167.000000 413.000000
44.000000 323.000000
92.000000 440.000000
167.000000 348.000000
46.000000 436.000000
81.000000 92.000000
164.000000 123.000000
64.000000 72.000000
44.000000 261.000000
44.000000 254.000000
167.000000 213.000000
167.000000 397.000000
42.000000 120.000000
46.000000 31.000000
63.000000 49.000000
167.000000 393.000000
