140.000000 326.000000
56.000000 51.000000
102.000000 385.000000
143.000000 132.000000
55.000000 26.000000
141.000000 269.000000
36.000000 183.000000
141.000000 181.000000
141.000000 102.000000
141.000000 241.000000
36.000000 274.000000
36.000000 251.000000
140.000000 354.000000
36.000000 108.000000
36.000000 220.000000
71.000000 75.000000
106.000000 73.000000
36.000000 150.000000
141.000000 115.000000
36.000000 275.000000
99.000000 385.000000
73.000000 384.000000
140.000000 331.000000
141.000000 285.000000
95.000000 74.000000
136.000000 373.000000
141.000000 296.000000
141.000000 277.000000
83.000000 386.000000
36.000000 156.000000
78.000000 74.000000
36.000000 261.000000
141.000000 189.000000
36.000000 258.000000
141.000000 173.000000
40.000000 374.000000
38.000000 43.000000
36.000000 190.000000
140.000000 322.000000
143.000000 136.000000
140.000000 348.000000
141.000000 219.000000
140.000000 337.000000
36.000000 97.000000
45.000000 18.000000
36.000000 81.000000
56.000000 53.000000
56.000000 66.000000
141.000000 308.000000
56.000000 59.000000
36.000000 163.000000
82.000000 386.000000
36.000000 328.000000
141.000000 145.000000
141.000000 188.000000
36.000000 148.000000
36.000000 286.000000
36.000000 125.000000
141.000000 215.000000
141.000000 169.000000
141.000000 117.000000
141.000000 300.000000
80.000000 74.000000
48.000000 381.000000
36.000000 291.000000
38.000000 24.000000
36.000000 114.000000
64.000000 384.000000
38.000000 55.000000
143.000000 139.000000
141.000000 202.000000
36.000000 262.000000
73.000000 74.000000
35.000000 350.000000
141.000000 204.000000
113.000000 74.000000
36.000000 279.000000
36.000000 329.000000
36.000000 151.000000
141.000000 261.000000
143.000000 154.000000
36.000000 84.000000
46.000000 380.000000
38.000000 57.000000
141.000000 105.000000
140.000000 361.000000
57.000000 76.000000
139.000000 88.000000
36.000000 73.000000
36.000000 82.000000
141.000000 303.000000
36.000000 305.000000
141.000000 195.000000
36.000000 225.000000
36.000000 203.000000
36.000000 129.000000
141.000000 146.000000
36.000000 168.000000
91.000000 74.000000
36.000000 91.000000
141.000000 113.000000
123.000000 78.000000
141.000000 108.000000
36.000000 121.000000
36.000000 117.000000
36.000000 173.000000
36.000000 294.000000
141.000000 248.000000
36.000000 100.000000
36.000000 281.000000
56.000000 58.000000
141.000000 186.000000
141.000000 237.000000
140.000000 89.000000
141.000000 304.000000
139.000000 87.000000
141.000000 191.000000
58.000000 77.000000
128.000000 79.000000
38.000000 38.000000
141.000000 110.000000
137.000000 372.000000
38.000000 44.000000
36.000000 197.000000
36.000000 223.000000
39.000000 20.000000
137.000000 84.000000
143.000000 164.000000
143.000000 135.000000
94.000000 74.000000
141.000000 178.000000
56.000000 50.000000
36.000000 172.000000
36.000000 167.000000
35.000000 347.000000
38.000000 29.000000
76.000000 385.000000
118.000000 383.000000
56.000000 67.000000
66.000000 76.000000
141.000000 295.000000
38.000000 34.000000
141.000000 175.000000
115.000000 384.000000
98.000000 75.000000
141.000000 311.000000
36.000000 134.000000
38.000000 25.000000
36.000000 118.000000
140.000000 355.000000
85.000000 74.000000
44.000000 378.000000
42.000000 376.000000
55.000000 60.000000
56.000000 55.000000
141.000000 194.000000
127.000000 79.000000
36.000000 284.000000
36.000000 276.000000
141.000000 104.000000
36.000000 278.000000
143.000000 152.000000
119.000000 383.000000
142.000000 140.000000
36.000000 301.000000
36.000000 204.000000
141.000000 192.000000
130.000000 79.000000
36.000000 80.000000
36.000000 334.000000
36.000000 98.000000
36.000000 199.000000
56.000000 48.000000
55.000000 62.000000
83.000000 74.000000
141.000000 119.000000
141.000000 228.000000
56.000000 70.000000
141.000000 224.000000
36.000000 260.000000
36.000000 147.000000
38.000000 45.000000
36.000000 192.000000
36.000000 120.000000
141.000000 275.000000
36.000000 122.000000
36.000000 233.000000
36.000000 322.000000
36.000000 312.000000
36.000000 138.000000
134.000000 377.000000
36.000000 255.000000
42.000000 18.000000
36.000000 363.000000
140.000000 364.000000
36.000000 317.000000
141.000000 109.000000
59.000000 78.000000
36.000000 303.000000
70.000000 384.000000
