192.000000 362.000000
211.000000 357.000000
64.000000 134.000000
63.000000 144.000000
246.000000 364.000000
134.000000 311.000000
138.000000 382.000000
265.000000 294.000000
190.000000 362.000000
66.000000 119.000000
122.000000 339.000000
103.000000 307.000000
185.000000 363.000000
209.000000 383.000000
276.000000 294.000000
215.000000 71.000000
135.000000 382.000000
235.000000 335.000000
321.000000 100.000000
62.000000 190.000000
328.000000 262.000000
90.000000 293.000000
194.000000 298.000000
63.000000 146.000000
183.000000 363.000000
101.000000 324.000000
115.000000 368.000000
109.000000 361.000000
102.000000 296.000000
248.000000 362.000000
325.000000 106.000000
201.000000 298.000000
349.000000 176.000000
68.000000 98.000000
181.000000 67.000000
243.000000 75.000000
348.000000 188.000000
100.000000 62.000000
348.000000 191.000000
62.000000 202.000000
121.000000 375.000000
294.000000 80.000000
201.000000 360.000000
64.000000 140.000000
236.000000 324.000000
236.000000 321.000000
277.000000 78.000000
205.000000 383.000000
75.000000 72.000000
67.000000 275.000000
101.000000 327.000000
63.000000 185.000000
161.000000 298.000000
104.000000 302.000000
113.000000 63.000000
232.000000 302.000000
123.000000 323.000000
65.000000 132.000000
326.000000 265.000000
337.000000 244.000000
116.000000 63.000000
349.000000 164.000000
270.000000 78.000000
243.000000 367.000000
200.000000 69.000000
340.000000 136.000000
297.000000 80.000000
291.000000 80.000000
160.000000 385.000000
63.000000 191.000000
62.000000 201.000000
186.000000 363.000000
88.000000 61.000000
259.000000 76.000000
100.000000 337.000000
64.000000 137.000000
212.000000 71.000000
194.000000 385.000000
269.000000 78.000000
171.000000 67.000000
166.000000 386.000000
102.000000 311.000000
216.000000 297.000000
167.000000 365.000000
153.000000 365.000000
101.000000 342.000000
332.000000 254.000000
284.000000 294.000000
107.000000 359.000000
170.000000 386.000000
122.000000 341.000000
341.000000 229.000000
343.000000 141.000000
65.000000 267.000000
148.000000 363.000000
190.000000 386.000000
63.000000 250.000000
307.000000 84.000000
150.000000 300.000000
125.000000 377.000000
65.000000 262.000000
104.000000 301.000000
256.000000 343.000000
306.000000 83.000000
72.000000 289.000000
110.000000 63.000000
304.000000 82.000000
232.000000 341.000000
64.000000 255.000000
331.000000 256.000000
321.000000 273.000000
67.000000 102.000000
253.000000 353.000000
64.000000 258.000000
252.000000 295.000000
151.000000 299.000000
222.000000 303.000000
333.000000 253.000000
188.000000 67.000000
173.000000 386.000000
72.000000 86.000000
69.000000 92.000000
348.000000 158.000000
343.000000 142.000000
244.000000 295.000000
256.000000 342.000000
161.000000 67.000000
259.000000 314.000000
258.000000 325.000000
251.000000 295.000000
63.000000 233.000000
143.000000 363.000000
310.000000 86.000000
172.000000 386.000000
65.000000 266.000000
259.000000 316.000000
348.000000 160.000000
64.000000 176.000000
63.000000 166.000000
294.000000 293.000000
81.000000 292.000000
137.000000 65.000000
72.000000 79.000000
153.000000 298.000000
230.000000 302.000000
163.000000 67.000000
151.000000 66.000000
62.000000 216.000000
155.000000 298.000000
131.000000 64.000000
220.000000 72.000000
310.000000 282.000000
106.000000 62.000000
136.000000 64.000000
331.000000 114.000000
213.000000 382.000000
339.000000 235.000000
191.000000 386.000000
217.000000 71.000000
101.000000 322.000000
322.000000 101.000000
62.000000 215.000000
277.000000 294.000000
345.000000 152.000000
158.000000 298.000000
63.000000 194.000000
338.000000 133.000000
192.000000 298.000000
70.000000 286.000000
333.000000 252.000000
63.000000 145.000000
205.000000 70.000000
63.000000 224.000000
231.000000 296.000000
259.000000 331.000000
289.000000 80.000000
259.000000 334.000000
76.000000 70.000000
62.000000 200.000000
258.000000 304.000000
169.000000 365.000000
175.000000 67.000000
257.000000 338.000000
219.000000 304.000000
62.000000 159.000000
64.000000 135.000000
148.000000 302.000000
164.000000 365.000000
143.000000 308.000000
182.000000 363.000000
259.000000 313.000000
68.000000 99.000000
63.000000 247.000000
139.000000 65.000000
63.000000 228.000000
64.000000 237.000000
175.000000 386.000000
68.000000 96.000000
299.000000 81.000000
262.000000 295.000000
