100.000000 218.000000
157.000000 278.000000
96.000000 243.000000
237.000000 272.000000
366.000000 222.000000
51.000000 320.000000
159.000000 276.000000
302.000000 222.000000
266.000000 271.000000
84.000000 342.000000
111.000000 176.000000
76.000000 198.000000
159.000000 281.000000
66.000000 321.000000
157.000000 201.000000
123.000000 266.000000
142.000000 330.000000
97.000000 174.000000
98.000000 296.000000
308.000000 274.000000
91.000000 173.000000
90.000000 325.000000
315.000000 222.000000
130.000000 182.000000
121.000000 337.000000
49.000000 339.000000
123.000000 246.000000
133.000000 250.000000
417.000000 222.000000
94.000000 325.000000
124.000000 265.000000
101.000000 267.000000
103.000000 341.000000
108.000000 219.000000
103.000000 206.000000
278.000000 272.000000
393.000000 222.000000
301.000000 223.000000
62.000000 320.000000
115.000000 338.000000
45.000000 188.000000
85.000000 342.000000
120.000000 179.000000
52.000000 320.000000
110.000000 176.000000
312.000000 222.000000
249.000000 272.000000
47.000000 285.000000
115.000000 245.000000
107.000000 296.000000
123.000000 213.000000
99.000000 174.000000
136.000000 224.000000
161.000000 319.000000
133.000000 288.000000
65.000000 197.000000
284.000000 226.000000
242.000000 230.000000
244.000000 272.000000
370.000000 273.000000
79.000000 217.000000
250.000000 272.000000
132.000000 223.000000
73.000000 341.000000
98.000000 243.000000
340.000000 222.000000
69.000000 341.000000
103.000000 267.000000
63.000000 273.000000
91.000000 342.000000
81.000000 326.000000
122.000000 212.000000
111.000000 209.000000
93.000000 202.000000
309.000000 222.000000
175.000000 222.000000
80.000000 173.000000
373.000000 273.000000
358.000000 222.000000
109.000000 208.000000
386.000000 271.000000
175.000000 302.000000
330.000000 274.000000
157.000000 285.000000
377.000000 222.000000
46.000000 326.000000
64.000000 321.000000
123.000000 180.000000
198.000000 271.000000
405.000000 268.000000
133.000000 264.000000
424.000000 248.000000
201.000000 272.000000
92.000000 342.000000
94.000000 174.000000
96.000000 267.000000
95.000000 325.000000
254.000000 272.000000
132.000000 334.000000
65.000000 273.000000
168.000000 213.000000
150.000000 298.000000
134.000000 263.000000
398.000000 222.000000
147.000000 283.000000
112.000000 244.000000
229.000000 232.000000
110.000000 208.000000
146.000000 283.000000
47.000000 329.000000
112.000000 267.000000
88.000000 217.000000
121.000000 293.000000
50.000000 340.000000
90.000000 242.000000
68.000000 341.000000
178.000000 294.000000
83.000000 326.000000
75.000000 198.000000
349.000000 274.000000
216.000000 235.000000
142.000000 253.000000
218.000000 235.000000
98.000000 341.000000
51.000000 278.000000
82.000000 173.000000
181.000000 234.000000
155.000000 289.000000
138.000000 252.000000
122.000000 221.000000
179.000000 232.000000
134.000000 184.000000
149.000000 327.000000
203.000000 272.000000
395.000000 270.000000
111.000000 295.000000
88.000000 242.000000
400.000000 270.000000
275.000000 271.000000
175.000000 301.000000
184.000000 271.000000
277.000000 271.000000
82.000000 270.000000
206.000000 237.000000
173.000000 305.000000
55.000000 341.000000
420.000000 258.000000
84.000000 269.000000
397.000000 222.000000
95.000000 203.000000
131.000000 289.000000
76.000000 341.000000
119.000000 337.000000
193.000000 237.000000
60.000000 195.000000
82.000000 326.000000
344.000000 222.000000
248.000000 230.000000
139.000000 187.000000
138.000000 262.000000
167.000000 314.000000
96.000000 174.000000
148.000000 226.000000
80.000000 296.000000
263.000000 271.000000
129.000000 215.000000
298.000000 273.000000
127.000000 222.000000
147.000000 226.000000
102.000000 341.000000
78.000000 199.000000
64.000000 196.000000
100.000000 244.000000
354.000000 274.000000
129.000000 290.000000
424.000000 226.000000
55.000000 175.000000
181.000000 272.000000
243.000000 230.000000
73.000000 198.000000
113.000000 295.000000
91.000000 201.000000
347.000000 274.000000
104.000000 296.000000
312.000000 274.000000
383.000000 222.000000
146.000000 254.000000
125.000000 318.000000
422.000000 252.000000
61.000000 217.000000
332.000000 274.000000
48.000000 322.000000
92.000000 242.000000
167.000000 212.000000
118.000000 294.000000
130.000000 215.000000
194.000000 237.000000
425.000000 228.000000
75.000000 341.000000
70.000000 341.000000
