49.000000 85.000000
77.000000 224.000000
173.000000 229.000000
190.000000 219.000000
52.000000 176.000000
444.000000 162.000000
404.000000 168.000000
509.000000 105.000000
26.000000 232.000000
159.000000 235.000000
36.000000 126.000000
461.000000 105.000000
597.000000 102.000000
209.000000 145.000000
90.000000 121.000000
156.000000 184.000000
567.000000 134.000000
186.000000 158.000000
141.000000 141.000000
408.000000 108.000000
199.000000 178.000000
71.000000 123.000000
152.000000 141.000000
94.000000 194.000000
511.000000 105.000000
567.000000 100.000000
95.000000 245.000000
185.000000 116.000000
115.000000 80.000000
112.000000 224.000000
381.000000 108.000000
535.000000 141.000000
194.000000 218.000000
383.000000 170.000000
113.000000 245.000000
181.000000 89.000000
84.000000 195.000000
87.000000 83.000000
289.000000 181.000000
499.000000 152.000000
114.000000 80.000000
118.000000 58.000000
214.000000 94.000000
427.000000 165.000000
69.000000 123.000000
36.000000 144.000000
56.000000 225.000000
509.000000 149.000000
102.000000 224.000000
223.000000 102.000000
144.000000 141.000000
185.000000 138.000000
156.000000 118.000000
125.000000 189.000000
39.000000 177.000000
192.000000 156.000000
116.000000 191.000000
215.000000 94.000000
76.000000 197.000000
36.000000 250.000000
41.000000 177.000000
65.000000 146.000000
162.000000 59.000000
355.000000 108.000000
519.000000 146.000000
482.000000 105.000000
458.000000 160.000000
249.000000 186.000000
161.000000 162.000000
119.000000 167.000000
69.000000 247.000000
65.000000 175.000000
108.000000 58.000000
383.000000 108.000000
524.000000 144.000000
227.000000 186.000000
366.000000 171.000000
34.000000 142.000000
118.000000 222.000000
164.000000 161.000000
593.000000 102.000000
198.000000 185.000000
299.000000 179.000000
123.000000 189.000000
345.000000 106.000000
136.000000 187.000000
65.000000 83.000000
72.000000 62.000000
183.000000 198.000000
41.000000 85.000000
110.000000 245.000000
158.000000 81.000000
64.000000 175.000000
64.000000 62.000000
163.000000 184.000000
309.000000 178.000000
87.000000 173.000000
93.000000 82.000000
100.000000 81.000000
31.000000 183.000000
412.000000 167.000000
534.000000 141.000000
413.000000 166.000000
282.000000 183.000000
536.000000 105.000000
88.000000 123.000000
311.000000 108.000000
64.000000 225.000000
573.000000 134.000000
124.000000 244.000000
113.000000 119.000000
521.000000 146.000000
103.000000 245.000000
188.000000 221.000000
132.000000 242.000000
158.000000 118.000000
132.000000 58.000000
29.000000 189.000000
172.000000 62.000000
352.000000 173.000000
127.000000 189.000000
41.000000 63.000000
125.000000 80.000000
136.000000 141.000000
31.000000 78.000000
540.000000 139.000000
103.000000 119.000000
171.000000 183.000000
354.000000 173.000000
189.000000 195.000000
165.000000 209.000000
153.000000 214.000000
122.000000 58.000000
149.000000 58.000000
125.000000 167.000000
85.000000 83.000000
174.000000 159.000000
607.000000 125.000000
199.000000 139.000000
91.000000 245.000000
174.000000 183.000000
429.000000 106.000000
210.000000 86.000000
138.000000 164.000000
50.000000 63.000000
260.000000 186.000000
434.000000 165.000000
276.000000 183.000000
44.000000 249.000000
290.000000 111.000000
196.000000 116.000000
185.000000 196.000000
523.000000 105.000000
143.000000 80.000000
553.000000 102.000000
104.000000 245.000000
69.000000 175.000000
255.000000 116.000000
98.000000 60.000000
75.000000 247.000000
187.000000 196.000000
526.000000 144.000000
139.000000 58.000000
432.000000 106.000000
409.000000 168.000000
502.000000 105.000000
190.000000 100.000000
193.000000 138.000000
79.000000 195.000000
183.000000 138.000000
74.000000 174.000000
34.000000 83.000000
197.000000 215.000000
462.000000 159.000000
176.000000 203.000000
93.000000 121.000000
120.000000 245.000000
443.000000 162.000000
134.000000 80.000000
564.000000 134.000000
53.000000 248.000000
177.000000 63.000000
58.000000 62.000000
185.000000 66.000000
175.000000 183.000000
587.000000 136.000000
157.000000 80.000000
541.000000 103.000000
147.000000 80.000000
77.000000 123.000000
155.000000 80.000000
210.000000 87.000000
29.000000 73.000000
199.000000 214.000000
357.000000 108.000000
224.000000 103.000000
200.000000 139.000000
244.000000 186.000000
104.000000 81.000000
39.000000 146.000000
