155.000000 172.000000
271.000000 132.000000
264.000000 512.000000
61.000000 149.000000
287.000000 648.000000
197.000000 137.000000
144.000000 123.000000
245.000000 403.000000
172.000000 281.000000
206.000000 176.000000
231.000000 617.000000
79.000000 34.000000
199.000000 432.000000
54.000000 140.000000
190.000000 386.000000
293.000000 682.000000
154.000000 166.000000
264.000000 514.000000
208.000000 482.000000
274.000000 570.000000
176.000000 298.000000
198.000000 430.000000
281.000000 104.000000
281.000000 698.000000
288.000000 657.000000
239.000000 654.000000
286.000000 116.000000
198.000000 37.000000
215.000000 527.000000
269.000000 538.000000
273.000000 133.000000
129.000000 134.000000
267.000000 526.000000
131.000000 127.000000
245.000000 681.000000
214.000000 523.000000
118.000000 46.000000
253.000000 70.000000
219.000000 261.000000
97.000000 35.000000
235.000000 632.000000
204.000000 463.000000
262.000000 496.000000
228.000000 313.000000
292.000000 670.000000
156.000000 183.000000
208.000000 181.000000
254.000000 462.000000
281.000000 612.000000
221.000000 272.000000
152.000000 157.000000
218.000000 244.000000
224.000000 582.000000
43.000000 91.000000
272.000000 558.000000
252.000000 448.000000
156.000000 181.000000
201.000000 444.000000
281.000000 611.000000
203.000000 158.000000
287.000000 124.000000
216.000000 229.000000
215.000000 225.000000
206.000000 475.000000
248.000000 418.000000
158.000000 203.000000
193.000000 403.000000
153.000000 158.000000
202.000000 451.000000
189.000000 37.000000
218.000000 243.000000
176.000000 304.000000
273.000000 90.000000
275.000000 582.000000
255.000000 464.000000
212.000000 40.000000
217.000000 544.000000
178.000000 311.000000
178.000000 317.000000
195.000000 125.000000
271.000000 555.000000
261.000000 78.000000
72.000000 35.000000
216.000000 538.000000
79.000000 153.000000
236.000000 638.000000
42.000000 65.000000
208.000000 183.000000
284.000000 625.000000
252.000000 446.000000
174.000000 294.000000
207.000000 476.000000
42.000000 74.000000
42.000000 75.000000
229.000000 51.000000
212.000000 506.000000
51.000000 135.000000
50.000000 49.000000
279.000000 605.000000
43.000000 87.000000
50.000000 133.000000
147.000000 131.000000
239.000000 651.000000
240.000000 373.000000
185.000000 38.000000
175.000000 296.000000
178.000000 315.000000
268.000000 699.000000
285.000000 130.000000
192.000000 401.000000
122.000000 45.000000
178.000000 38.000000
275.000000 92.000000
70.000000 151.000000
160.000000 217.000000
184.000000 354.000000
186.000000 38.000000
196.000000 132.000000
275.000000 585.000000
149.000000 142.000000
260.000000 488.000000
91.000000 154.000000
45.000000 104.000000
246.000000 683.000000
281.000000 106.000000
179.000000 322.000000
78.000000 153.000000
177.000000 38.000000
169.000000 270.000000
208.000000 39.000000
229.000000 607.000000
154.000000 167.000000
274.000000 574.000000
268.000000 533.000000
142.000000 43.000000
248.000000 425.000000
165.000000 252.000000
240.000000 61.000000
219.000000 253.000000
125.000000 139.000000
258.000000 702.000000
221.000000 271.000000
151.000000 149.000000
211.000000 502.000000
269.000000 132.000000
259.000000 702.000000
172.000000 282.000000
205.000000 466.000000
204.000000 461.000000
66.000000 150.000000
203.000000 157.000000
213.000000 208.000000
290.000000 663.000000
260.000000 489.000000
50.000000 132.000000
215.000000 526.000000
141.000000 123.000000
60.000000 148.000000
230.000000 327.000000
288.000000 650.000000
214.000000 213.000000
253.000000 125.000000
43.000000 90.000000
213.000000 513.000000
228.000000 314.000000
154.000000 40.000000
228.000000 312.000000
214.000000 522.000000
175.000000 297.000000
46.000000 107.000000
246.000000 408.000000
285.000000 632.000000
269.000000 540.000000
78.000000 34.000000
241.000000 121.000000
70.000000 36.000000
266.000000 523.000000
197.000000 422.000000
245.000000 404.000000
284.000000 696.000000
197.000000 135.000000
102.000000 153.000000
46.000000 113.000000
181.000000 38.000000
203.000000 160.000000
286.000000 635.000000
222.000000 282.000000
216.000000 227.000000
160.000000 219.000000
161.000000 225.000000
61.000000 39.000000
258.000000 482.000000
206.000000 470.000000
194.000000 118.000000
286.000000 121.000000
183.000000 341.000000
152.000000 41.000000
138.000000 123.000000
275.000000 587.000000
224.000000 293.000000
