98.000000 406.000000
106.000000 229.000000
122.000000 95.000000
69.000000 120.000000
99.000000 390.000000
60.000000 423.000000
69.000000 103.000000
107.000000 205.000000
62.000000 356.000000
100.000000 354.000000
63.000000 308.000000
70.000000 72.000000
64.000000 292.000000
124.000000 69.000000
100.000000 364.000000
71.000000 47.000000
103.000000 277.000000
98.000000 414.000000
64.000000 281.000000
125.000000 57.000000
71.000000 447.000000
104.000000 267.000000
66.000000 439.000000
107.000000 197.000000
66.000000 212.000000
122.000000 88.000000
100.000000 15.000000
61.000000 411.000000
105.000000 231.000000
64.000000 284.000000
109.000000 138.000000
61.000000 402.000000
70.000000 68.000000
63.000000 314.000000
101.000000 345.000000
64.000000 299.000000
110.000000 132.000000
65.000000 254.000000
91.000000 446.000000
65.000000 253.000000
100.000000 363.000000
70.000000 75.000000
103.000000 289.000000
62.000000 353.000000
106.000000 215.000000
64.000000 274.000000
64.000000 293.000000
125.000000 37.000000
65.000000 432.000000
105.000000 246.000000
65.000000 268.000000
71.000000 50.000000
108.000000 160.000000
68.000000 138.000000
70.000000 78.000000
99.000000 381.000000
66.000000 433.000000
122.000000 85.000000
105.000000 247.000000
71.000000 41.000000
70.000000 76.000000
98.000000 392.000000
65.000000 267.000000
78.000000 19.000000
69.000000 115.000000
63.000000 343.000000
126.000000 42.000000
67.000000 197.000000
109.000000 150.000000
70.000000 64.000000
94.000000 434.000000
62.000000 357.000000
124.000000 64.000000
101.000000 337.000000
70.000000 54.000000
107.000000 201.000000
109.000000 158.000000
61.000000 408.000000
104.000000 262.000000
64.000000 282.000000
100.000000 365.000000
97.000000 421.000000
64.000000 283.000000
109.000000 153.000000
101.000000 336.000000
75.000000 448.000000
68.000000 150.000000
108.000000 174.000000
62.000000 359.000000
108.000000 171.000000
62.000000 367.000000
62.000000 344.000000
100.000000 358.000000
71.000000 42.000000
69.000000 107.000000
102.000000 322.000000
105.000000 240.000000
98.000000 393.000000
66.000000 444.000000
65.000000 261.000000
106.000000 222.000000
125.000000 55.000000
63.000000 429.000000
101.000000 340.000000
124.000000 34.000000
97.000000 425.000000
100.000000 369.000000
104.000000 269.000000
109.000000 143.000000
63.000000 326.000000
93.000000 440.000000
110.000000 123.000000
105.000000 17.000000
111.000000 117.000000
109.000000 155.000000
68.000000 155.000000
69.000000 102.000000
126.000000 41.000000
102.000000 320.000000
108.000000 182.000000
124.000000 59.000000
69.000000 123.000000
69.000000 90.000000
102.000000 311.000000
101.000000 341.000000
77.000000 20.000000
102.000000 312.000000
124.000000 60.000000
107.000000 188.000000
97.000000 427.000000
66.000000 200.000000
68.000000 152.000000
97.000000 416.000000
64.000000 294.000000
67.000000 185.000000
65.000000 247.000000
85.000000 448.000000
69.000000 94.000000
97.000000 422.000000
70.000000 65.000000
92.000000 443.000000
122.000000 90.000000
63.000000 310.000000
68.000000 142.000000
66.000000 223.000000
66.000000 206.000000
118.000000 20.000000
125.000000 38.000000
72.000000 26.000000
104.000000 264.000000
62.000000 366.000000
65.000000 245.000000
63.000000 311.000000
97.000000 424.000000
70.000000 62.000000
61.000000 390.000000
65.000000 256.000000
109.000000 145.000000
64.000000 304.000000
101.000000 327.000000
61.000000 412.000000
62.000000 378.000000
82.000000 448.000000
108.000000 166.000000
64.000000 303.000000
103.000000 296.000000
74.000000 23.000000
62.000000 354.000000
121.000000 101.000000
67.000000 165.000000
109.000000 148.000000
110.000000 124.000000
69.000000 105.000000
97.000000 429.000000
103.000000 291.000000
67.000000 172.000000
62.000000 350.000000
63.000000 307.000000
81.000000 17.000000
98.000000 408.000000
67.000000 169.000000
61.000000 400.000000
82.000000 17.000000
102.000000 313.000000
101.000000 344.000000
69.000000 108.000000
61.000000 382.000000
123.000000 73.000000
65.000000 259.000000
124.000000 68.000000
65.000000 248.000000
121.000000 98.000000
101.000000 328.000000
99.000000 379.000000
106.000000 221.000000
122.000000 89.000000
106.000000 18.000000
61.000000 391.000000
66.000000 440.000000
70.000000 69.000000
