103.000000 70.000000
129.000000 76.000000
105.000000 367.000000
81.000000 352.000000
76.000000 465.000000
105.000000 385.000000
122.000000 161.000000
75.000000 458.000000
117.000000 218.000000
101.000000 424.000000
102.000000 419.000000
76.000000 464.000000
127.000000 33.000000
85.000000 303.000000
106.000000 41.000000
106.000000 353.000000
95.000000 176.000000
74.000000 448.000000
130.000000 58.000000
102.000000 85.000000
95.000000 170.000000
127.000000 98.000000
88.000000 257.000000
110.000000 309.000000
107.000000 337.000000
76.000000 391.000000
94.000000 193.000000
99.000000 443.000000
107.000000 38.000000
89.000000 250.000000
107.000000 339.000000
104.000000 380.000000
128.000000 80.000000
101.000000 97.000000
79.000000 474.000000
103.000000 417.000000
74.000000 405.000000
74.000000 412.000000
87.000000 282.000000
74.000000 435.000000
98.000000 144.000000
81.000000 355.000000
111.000000 297.000000
82.000000 342.000000
102.000000 82.000000
117.000000 224.000000
113.000000 263.000000
123.000000 142.000000
74.000000 447.000000
129.000000 70.000000
93.000000 464.000000
92.000000 220.000000
84.000000 477.000000
105.000000 399.000000
75.000000 399.000000
74.000000 441.000000
103.000000 418.000000
87.000000 278.000000
80.000000 366.000000
109.000000 312.000000
74.000000 414.000000
83.000000 327.000000
109.000000 324.000000
113.000000 264.000000
118.000000 203.000000
122.000000 162.000000
102.000000 423.000000
79.000000 376.000000
108.000000 329.000000
76.000000 385.000000
99.000000 121.000000
101.000000 425.000000
109.000000 327.000000
129.000000 36.000000
104.000000 61.000000
103.000000 73.000000
126.000000 113.000000
130.000000 62.000000
116.000000 232.000000
102.000000 422.000000
74.000000 432.000000
102.000000 87.000000
126.000000 32.000000
96.000000 156.000000
102.000000 90.000000
101.000000 102.000000
75.000000 459.000000
109.000000 316.000000
91.000000 225.000000
130.000000 64.000000
117.000000 216.000000
84.000000 309.000000
125.000000 125.000000
108.000000 335.000000
80.000000 370.000000
74.000000 431.000000
82.000000 336.000000
86.000000 289.000000
117.000000 226.000000
116.000000 234.000000
74.000000 437.000000
114.000000 251.000000
100.000000 116.000000
100.000000 106.000000
121.000000 169.000000
93.000000 197.000000
125.000000 32.000000
120.000000 187.000000
74.000000 451.000000
84.000000 311.000000
96.000000 164.000000
101.000000 103.000000
103.000000 68.000000
113.000000 271.000000
128.000000 85.000000
105.000000 372.000000
124.000000 135.000000
88.000000 258.000000
86.000000 476.000000
100.000000 114.000000
97.000000 153.000000
92.000000 210.000000
88.000000 267.000000
103.000000 66.000000
87.000000 284.000000
128.000000 35.000000
77.000000 469.000000
81.000000 354.000000
99.000000 119.000000
76.000000 466.000000
92.000000 215.000000
97.000000 148.000000
112.000000 281.000000
131.000000 47.000000
116.000000 230.000000
102.000000 420.000000
76.000000 386.000000
80.000000 475.000000
102.000000 88.000000
120.000000 178.000000
77.000000 383.000000
121.000000 171.000000
95.000000 182.000000
84.000000 321.000000
105.000000 371.000000
98.000000 143.000000
105.000000 360.000000
86.000000 287.000000
107.000000 36.000000
93.000000 201.000000
98.000000 142.000000
121.000000 31.000000
78.000000 380.000000
91.000000 469.000000
95.000000 175.000000
105.000000 384.000000
127.000000 93.000000
81.000000 358.000000
127.000000 96.000000
109.000000 321.000000
91.000000 233.000000
87.000000 475.000000
111.000000 295.000000
130.000000 56.000000
125.000000 126.000000
80.000000 368.000000
125.000000 127.000000
124.000000 32.000000
94.000000 187.000000
128.000000 78.000000
86.000000 288.000000
117.000000 215.000000
88.000000 256.000000
84.000000 312.000000
130.000000 59.000000
89.000000 253.000000
111.000000 290.000000
105.000000 368.000000
129.000000 68.000000
89.000000 252.000000
98.000000 133.000000
81.000000 359.000000
83.000000 329.000000
75.000000 456.000000
92.000000 212.000000
94.000000 191.000000
119.000000 191.000000
75.000000 460.000000
91.000000 230.000000
114.000000 253.000000
105.000000 391.000000
103.000000 414.000000
93.000000 207.000000
98.000000 445.000000
105.000000 377.000000
113.000000 266.000000
116.000000 235.000000
109.000000 320.000000
87.000000 269.000000
99.000000 130.000000
