118.000000 260.000000
113.000000 221.000000
122.000000 281.000000
79.000000 221.000000
110.000000 143.000000
131.000000 378.000000
131.000000 354.000000
108.000000 122.000000
65.000000 22.000000
121.000000 280.000000
58.000000 67.000000
62.000000 110.000000
112.000000 213.000000
131.000000 379.000000
73.000000 174.000000
118.000000 415.000000
102.000000 358.000000
73.000000 175.000000
112.000000 167.000000
68.000000 140.000000
120.000000 269.000000
123.000000 288.000000
119.000000 265.000000
130.000000 402.000000
104.000000 105.000000
112.000000 208.000000
120.000000 267.000000
102.000000 357.000000
130.000000 400.000000
59.000000 79.000000
128.000000 427.000000
96.000000 325.000000
85.000000 257.000000
122.000000 425.000000
121.000000 423.000000
112.000000 170.000000
86.000000 262.000000
111.000000 150.000000
96.000000 81.000000
75.000000 188.000000
84.000000 251.000000
90.000000 291.000000
83.000000 245.000000
131.000000 387.000000
76.000000 195.000000
114.000000 226.000000
101.000000 353.000000
95.000000 318.000000
77.000000 205.000000
81.000000 233.000000
130.000000 394.000000
78.000000 209.000000
77.000000 32.000000
56.000000 50.000000
65.000000 119.000000
128.000000 426.000000
60.000000 81.000000
92.000000 302.000000
114.000000 228.000000
102.000000 99.000000
128.000000 421.000000
56.000000 34.000000
132.000000 369.000000
112.000000 202.000000
103.000000 364.000000
60.000000 24.000000
76.000000 196.000000
86.000000 57.000000
131.000000 353.000000
77.000000 31.000000
117.000000 412.000000
120.000000 273.000000
125.000000 428.000000
118.000000 256.000000
118.000000 258.000000
92.000000 68.000000
94.000000 314.000000
75.000000 194.000000
67.000000 138.000000
80.000000 224.000000
56.000000 46.000000
110.000000 148.000000
112.000000 206.000000
129.000000 407.000000
83.000000 247.000000
83.000000 49.000000
98.000000 336.000000
122.000000 285.000000
71.000000 23.000000
61.000000 23.000000
93.000000 304.000000
67.000000 135.000000
72.000000 171.000000
114.000000 227.000000
67.000000 139.000000
96.000000 321.000000
118.000000 261.000000
58.000000 72.000000
91.000000 65.000000
85.000000 256.000000
131.000000 383.000000
121.000000 277.000000
131.000000 388.000000
132.000000 373.000000
62.000000 104.000000
97.000000 330.000000
73.000000 177.000000
115.000000 235.000000
56.000000 31.000000
128.000000 418.000000
80.000000 41.000000
56.000000 48.000000
81.000000 229.000000
66.000000 128.000000
116.000000 241.000000
125.000000 307.000000
60.000000 87.000000
132.000000 371.000000
98.000000 332.000000
62.000000 96.000000
69.000000 148.000000
131.000000 357.000000
72.000000 168.000000
62.000000 102.000000
114.000000 225.000000
87.000000 273.000000
72.000000 24.000000
81.000000 43.000000
107.000000 383.000000
131.000000 390.000000
93.000000 309.000000
112.000000 214.000000
79.000000 216.000000
129.000000 403.000000
105.000000 371.000000
116.000000 242.000000
82.000000 236.000000
112.000000 212.000000
126.000000 315.000000
117.000000 254.000000
69.000000 22.000000
61.000000 89.000000
99.000000 88.000000
107.000000 119.000000
112.000000 184.000000
93.000000 308.000000
112.000000 390.000000
112.000000 392.000000
112.000000 197.000000
121.000000 275.000000
85.000000 260.000000
104.000000 369.000000
84.000000 253.000000
104.000000 106.000000
130.000000 396.000000
129.000000 405.000000
111.000000 158.000000
114.000000 401.000000
87.000000 61.000000
98.000000 86.000000
131.000000 361.000000
101.000000 349.000000
86.000000 266.000000
80.000000 40.000000
73.000000 178.000000
91.000000 66.000000
92.000000 301.000000
87.000000 60.000000
92.000000 299.000000
57.000000 61.000000
60.000000 86.000000
61.000000 90.000000
68.000000 142.000000
60.000000 84.000000
100.000000 344.000000
66.000000 131.000000
62.000000 105.000000
129.000000 337.000000
131.000000 364.000000
110.000000 141.000000
128.000000 328.000000
104.000000 370.000000
124.000000 428.000000
131.000000 362.000000
116.000000 237.000000
58.000000 73.000000
129.000000 408.000000
108.000000 129.000000
126.000000 314.000000
80.000000 227.000000
61.000000 91.000000
83.000000 246.000000
70.000000 22.000000
112.000000 205.000000
67.000000 137.000000
60.000000 80.000000
105.000000 372.000000
91.000000 67.000000
97.000000 328.000000
66.000000 126.000000
