61.000000 153.000000
63.000000 370.000000
62.000000 325.000000
63.000000 274.000000
63.000000 301.000000
106.000000 328.000000
94.000000 395.000000
93.000000 395.000000
112.000000 195.000000
69.000000 391.000000
60.000000 205.000000
60.000000 204.000000
68.000000 105.000000
67.000000 387.000000
99.000000 387.000000
111.000000 148.000000
112.000000 192.000000
107.000000 274.000000
112.000000 217.000000
107.000000 288.000000
62.000000 315.000000
61.000000 151.000000
63.000000 303.000000
60.000000 193.000000
66.000000 386.000000
107.000000 266.000000
101.000000 378.000000
106.000000 333.000000
63.000000 259.000000
63.000000 262.000000
105.000000 354.000000
113.000000 201.000000
112.000000 212.000000
106.000000 326.000000
63.000000 118.000000
63.000000 258.000000
62.000000 323.000000
59.000000 218.000000
62.000000 146.000000
63.000000 130.000000
59.000000 214.000000
96.000000 93.000000
72.000000 97.000000
107.000000 242.000000
103.000000 370.000000
110.000000 134.000000
59.000000 215.000000
87.000000 399.000000
62.000000 328.000000
63.000000 247.000000
112.000000 181.000000
98.000000 389.000000
63.000000 260.000000
64.000000 375.000000
109.000000 123.000000
71.000000 98.000000
62.000000 360.000000
111.000000 147.000000
86.000000 91.000000
60.000000 176.000000
97.000000 391.000000
70.000000 393.000000
107.000000 271.000000
61.000000 161.000000
110.000000 137.000000
105.000000 335.000000
61.000000 232.000000
63.000000 129.000000
61.000000 148.000000
110.000000 117.000000
100.000000 384.000000
107.000000 107.000000
113.000000 198.000000
112.000000 178.000000
111.000000 161.000000
85.000000 91.000000
106.000000 321.000000
97.000000 94.000000
105.000000 336.000000
95.000000 93.000000
64.000000 126.000000
107.000000 309.000000
101.000000 379.000000
104.000000 364.000000
60.000000 213.000000
61.000000 159.000000
60.000000 198.000000
62.000000 317.000000
63.000000 244.000000
107.000000 263.000000
63.000000 265.000000
109.000000 235.000000
107.000000 249.000000
68.000000 390.000000
112.000000 167.000000
63.000000 367.000000
112.000000 232.000000
107.000000 243.000000
110.000000 129.000000
112.000000 187.000000
89.000000 398.000000
62.000000 339.000000
62.000000 144.000000
100.000000 96.000000
65.000000 115.000000
112.000000 196.000000
112.000000 193.000000
63.000000 292.000000
112.000000 231.000000
59.000000 222.000000
110.000000 115.000000
60.000000 225.000000
106.000000 332.000000
71.000000 395.000000
107.000000 247.000000
62.000000 329.000000
105.000000 338.000000
62.000000 331.000000
63.000000 298.000000
70.000000 100.000000
64.000000 123.000000
62.000000 135.000000
62.000000 347.000000
112.000000 207.000000
63.000000 299.000000
60.000000 200.000000
105.000000 347.000000
113.000000 200.000000
63.000000 288.000000
63.000000 255.000000
107.000000 267.000000
107.000000 291.000000
110.000000 130.000000
107.000000 285.000000
63.000000 309.000000
106.000000 298.000000
63.000000 270.000000
62.000000 341.000000
79.000000 92.000000
62.000000 321.000000
67.000000 108.000000
61.000000 164.000000
107.000000 260.000000
63.000000 268.000000
60.000000 186.000000
60.000000 175.000000
60.000000 169.000000
112.000000 215.000000
62.000000 359.000000
107.000000 296.000000
84.000000 91.000000
59.000000 216.000000
60.000000 174.000000
95.000000 393.000000
63.000000 295.000000
63.000000 368.000000
60.000000 207.000000
107.000000 241.000000
64.000000 116.000000
112.000000 223.000000
105.000000 343.000000
89.000000 91.000000
105.000000 345.000000
66.000000 112.000000
63.000000 266.000000
111.000000 143.000000
103.000000 365.000000
78.000000 92.000000
62.000000 142.000000
65.000000 380.000000
103.000000 372.000000
63.000000 304.000000
111.000000 153.000000
111.000000 159.000000
62.000000 320.000000
111.000000 156.000000
105.000000 350.000000
107.000000 270.000000
107.000000 250.000000
104.000000 361.000000
103.000000 371.000000
107.000000 254.000000
111.000000 144.000000
112.000000 227.000000
63.000000 308.000000
68.000000 104.000000
60.000000 227.000000
99.000000 96.000000
109.000000 236.000000
63.000000 261.000000
110.000000 132.000000
113.000000 205.000000
104.000000 362.000000
107.000000 257.000000
110.000000 116.000000
60.000000 192.000000
107.000000 252.000000
62.000000 322.000000
110.000000 127.000000
111.000000 138.000000
